32160.083886954337 8495858.371136745 589572.0 
25425.658063899973 5302012.476065061 1262022.0 
25425.658063899973 5302012.476065061 1262022.0 
30198.495948127296 6535676.664034061 1102788.0 
29321.975731242153 6183713.4931023475 1212891.0 
26659.861375854314 5560451.775491312 1261482.0 
25425.658063899973 5302012.476065061 1262022.0 
25425.658063899973 5302012.476065061 1262022.0 
25425.658063899973 5302012.476065061 1262022.0 
25425.658063899973 5302012.476065061 1262022.0 
25425.658063899973 5302012.476065061 1262022.0 
25425.658063899973 5302012.476065061 1262022.0 
25425.658063899973 5302012.476065061 1262022.0 
25425.658063899973 5302012.476065061 1262022.0 
25425.658063899973 5302012.476065061 1262022.0 
25425.658063899973 5302012.476065061 1262022.0 
25425.658063899973 5302012.476065061 1262022.0 
25425.658063899973 5302012.476065061 1262022.0 
25425.658063899973 5302012.476065061 1262022.0 
25425.658063899973 5302012.476065061 1262022.0 
25425.658063899973 5302012.476065061 1262022.0 
25425.658063899973 5302012.476065061 1262022.0 
25425.658063899973 5302012.476065061 1262022.0 
25425.658063899973 5302012.476065061 1262022.0 
25425.658063899973 5302012.476065061 1262022.0 
25425.658063899973 5302012.476065061 1262022.0 
25425.658063899973 5302012.476065061 1262022.0 
25425.658063899973 5302012.476065061 1262022.0 
25425.658063899973 5302012.476065061 1262022.0 
25425.658063899973 5302012.476065061 1262022.0 
25425.658063899973 5302012.476065061 1262022.0 
25425.658063899973 5302012.476065061 1262022.0 
25425.658063899973 5302012.476065061 1262022.0 
25425.658063899973 5302012.476065061 1262022.0 
25425.658063899973 5302012.476065061 1262022.0 
25425.658063899973 5302012.476065061 1262022.0 
25425.658063899973 5302012.476065061 1262022.0 
25425.658063899973 5302012.476065061 1262022.0 
25425.658063899973 5302012.476065061 1262022.0 
25425.658063899973 5302012.476065061 1262022.0 
25425.658063899973 5302012.476065061 1262022.0 
25425.658063899973 5302012.476065061 1262022.0 
25425.658063899973 5302012.476065061 1262022.0 
25425.658063899973 5302012.476065061 1262022.0 
25425.658063899973 5302012.476065061 1262022.0 
25425.658063899973 5302012.476065061 1262022.0 
25425.658063899973 5302012.476065061 1262022.0 
25425.658063899973 5302012.476065061 1262022.0 
25425.658063899973 5302012.476065061 1262022.0 
25425.658063899973 5302012.476065061 1262022.0 
25425.658063899973 5302012.476065061 1262022.0 
25425.658063899973 5302012.476065061 1262022.0 
25425.658063899973 5302012.476065061 1262022.0 
25425.658063899973 5302012.476065061 1262022.0 
25425.658063899973 5302012.476065061 1262022.0 
25425.658063899973 5302012.476065061 1262022.0 
25425.658063899973 5302012.476065061 1262022.0 
25425.658063899973 5302012.476065061 1262022.0 
25425.658063899973 5302012.476065061 1262022.0 
25425.658063899973 5302012.476065061 1262022.0 
25425.658063899973 5302012.476065061 1262022.0 
25425.658063899973 5302012.476065061 1262022.0 
25425.658063899973 5302012.476065061 1262022.0 
25425.658063899973 5302012.476065061 1262022.0 
25425.658063899973 5302012.476065061 1262022.0 
25425.658063899973 5302012.476065061 1262022.0 
25425.658063899973 5302012.476065061 1262022.0 
25425.658063899973 5302012.476065061 1262022.0 
25425.658063899973 5302012.476065061 1262022.0 
25425.658063899973 5302012.476065061 1262022.0 
25425.658063899973 5302012.476065061 1262022.0 
25425.658063899973 5302012.476065061 1262022.0 
25425.658063899973 5302012.476065061 1262022.0 
25425.658063899973 5302012.476065061 1262022.0 
25425.658063899973 5302012.476065061 1262022.0 
25425.658063899973 5302012.476065061 1262022.0 
25425.658063899973 5302012.476065061 1262022.0 
25425.658063899973 5302012.476065061 1262022.0 
25425.658063899973 5302012.476065061 1262022.0 
25425.658063899973 5302012.476065061 1262022.0 
25425.658063899973 5302012.476065061 1262022.0 
25425.658063899973 5302012.476065061 1262022.0 
25425.658063899973 5302012.476065061 1262022.0 
25425.658063899973 5302012.476065061 1262022.0 
25425.658063899973 5302012.476065061 1262022.0 
25425.658063899973 5302012.476065061 1262022.0 
25425.658063899973 5302012.476065061 1262022.0 
25425.658063899973 5302012.476065061 1262022.0 
25425.658063899973 5302012.476065061 1262022.0 
25425.658063899973 5302012.476065061 1262022.0 
25425.658063899973 5302012.476065061 1262022.0 
25425.658063899973 5302012.476065061 1262022.0 
25425.658063899973 5302012.476065061 1262022.0 
25425.658063899973 5302012.476065061 1262022.0 
25425.658063899973 5302012.476065061 1262022.0 
25425.658063899973 5302012.476065061 1262022.0 
25425.658063899973 5302012.476065061 1262022.0 
25425.658063899973 5302012.476065061 1262022.0 
25425.658063899973 5302012.476065061 1262022.0 
25425.658063899973 5302012.476065061 1262022.0 
