35621.95149153109 -319410.1169158295 -112073.0 
32945.633733614945 -9043866.76305252 -38065.0 
29251.645601356857 560146.0453538954 -5479.0 
25472.396813690248 142900.1461248023 25936.0 
25472.396813690248 142900.1461248023 25936.0 
30616.37862388958 189848.2612282535 16726.0 
29517.510909962733 165656.35965571695 22433.0 
25472.396813690248 142900.1461248023 25936.0 
25472.396813690248 142900.1461248023 25936.0 
25472.396813690248 142900.1461248023 25936.0 
25472.396813690248 142900.1461248023 25936.0 
25472.396813690248 142900.1461248023 25936.0 
25472.396813690248 142900.1461248023 25936.0 
25472.396813690248 142900.1461248023 25936.0 
25472.396813690248 142900.1461248023 25936.0 
25472.396813690248 142900.1461248023 25936.0 
25472.396813690248 142900.1461248023 25936.0 
25472.396813690248 142900.1461248023 25936.0 
25472.396813690248 142900.1461248023 25936.0 
25472.396813690248 142900.1461248023 25936.0 
25472.396813690248 142900.1461248023 25936.0 
25472.396813690248 142900.1461248023 25936.0 
25472.396813690248 142900.1461248023 25936.0 
25472.396813690248 142900.1461248023 25936.0 
25472.396813690248 142900.1461248023 25936.0 
25472.396813690248 142900.1461248023 25936.0 
25472.396813690248 142900.1461248023 25936.0 
25472.396813690248 142900.1461248023 25936.0 
25472.396813690248 142900.1461248023 25936.0 
25472.396813690248 142900.1461248023 25936.0 
25472.396813690248 142900.1461248023 25936.0 
25472.396813690248 142900.1461248023 25936.0 
25472.396813690248 142900.1461248023 25936.0 
25472.396813690248 142900.1461248023 25936.0 
25472.396813690248 142900.1461248023 25936.0 
25472.396813690248 142900.1461248023 25936.0 
25472.396813690248 142900.1461248023 25936.0 
25472.396813690248 142900.1461248023 25936.0 
25472.396813690248 142900.1461248023 25936.0 
25472.396813690248 142900.1461248023 25936.0 
25472.396813690248 142900.1461248023 25936.0 
25472.396813690248 142900.1461248023 25936.0 
25472.396813690248 142900.1461248023 25936.0 
25472.396813690248 142900.1461248023 25936.0 
25472.396813690248 142900.1461248023 25936.0 
25472.396813690248 142900.1461248023 25936.0 
25472.396813690248 142900.1461248023 25936.0 
25472.396813690248 142900.1461248023 25936.0 
25472.396813690248 142900.1461248023 25936.0 
25472.396813690248 142900.1461248023 25936.0 
25472.396813690248 142900.1461248023 25936.0 
25472.396813690248 142900.1461248023 25936.0 
25472.396813690248 142900.1461248023 25936.0 
25472.396813690248 142900.1461248023 25936.0 
25472.396813690248 142900.1461248023 25936.0 
25472.396813690248 142900.1461248023 25936.0 
25472.396813690248 142900.1461248023 25936.0 
25472.396813690248 142900.1461248023 25936.0 
25472.396813690248 142900.1461248023 25936.0 
25472.396813690248 142900.1461248023 25936.0 
25472.396813690248 142900.1461248023 25936.0 
25472.396813690248 142900.1461248023 25936.0 
25472.396813690248 142900.1461248023 25936.0 
25472.396813690248 142900.1461248023 25936.0 
25472.396813690248 142900.1461248023 25936.0 
25472.396813690248 142900.1461248023 25936.0 
25472.396813690248 142900.1461248023 25936.0 
25472.396813690248 142900.1461248023 25936.0 
25472.396813690248 142900.1461248023 25936.0 
25472.396813690248 142900.1461248023 25936.0 
25472.396813690248 142900.1461248023 25936.0 
25472.396813690248 142900.1461248023 25936.0 
25472.396813690248 142900.1461248023 25936.0 
25472.396813690248 142900.1461248023 25936.0 
25472.396813690248 142900.1461248023 25936.0 
25472.396813690248 142900.1461248023 25936.0 
25472.396813690248 142900.1461248023 25936.0 
25472.396813690248 142900.1461248023 25936.0 
25472.396813690248 142900.1461248023 25936.0 
25472.396813690248 142900.1461248023 25936.0 
25472.396813690248 142900.1461248023 25936.0 
25472.396813690248 142900.1461248023 25936.0 
25472.396813690248 142900.1461248023 25936.0 
25472.396813690248 142900.1461248023 25936.0 
25472.396813690248 142900.1461248023 25936.0 
25472.396813690248 142900.1461248023 25936.0 
25472.396813690248 142900.1461248023 25936.0 
25472.396813690248 142900.1461248023 25936.0 
25472.396813690248 142900.1461248023 25936.0 
25472.396813690248 142900.1461248023 25936.0 
25472.396813690248 142900.1461248023 25936.0 
25472.396813690248 142900.1461248023 25936.0 
25472.396813690248 142900.1461248023 25936.0 
25472.396813690248 142900.1461248023 25936.0 
25472.396813690248 142900.1461248023 25936.0 
25472.396813690248 142900.1461248023 25936.0 
25472.396813690248 142900.1461248023 25936.0 
25472.396813690248 142900.1461248023 25936.0 
25472.396813690248 142900.1461248023 25936.0 
25472.396813690248 142900.1461248023 25936.0 
