30198.495948127304 1.1926057100917071E7 -63087.0 
25425.658063899995 1848445.3412455297 637010.0 
25425.658063899995 1848445.3412455297 637010.0 
26092.242771053105 2496830.7040641527 281510.0 
29391.957813512458 2185691.1801853487 592835.0 
26475.962304294495 1928865.6022463257 633995.0 
25425.658063899995 1848445.3412455297 637010.0 
25425.658063899995 1848445.3412455297 637010.0 
25425.658063899995 1848445.3412455297 637010.0 
25425.658063899995 1848445.3412455297 637010.0 
25425.658063899995 1848445.3412455297 637010.0 
25425.658063899995 1848445.3412455297 637010.0 
25425.658063899995 1848445.3412455297 637010.0 
25425.658063899995 1848445.3412455297 637010.0 
25425.658063899995 1848445.3412455297 637010.0 
25425.658063899995 1848445.3412455297 637010.0 
25425.658063899995 1848445.3412455297 637010.0 
25425.658063899995 1848445.3412455297 637010.0 
25425.658063899995 1848445.3412455297 637010.0 
25425.658063899995 1848445.3412455297 637010.0 
25425.658063899995 1848445.3412455297 637010.0 
25425.658063899995 1848445.3412455297 637010.0 
25425.658063899995 1848445.3412455297 637010.0 
25425.658063899995 1848445.3412455297 637010.0 
25425.658063899995 1848445.3412455297 637010.0 
25425.658063899995 1848445.3412455297 637010.0 
25425.658063899995 1848445.3412455297 637010.0 
25425.658063899995 1848445.3412455297 637010.0 
25425.658063899995 1848445.3412455297 637010.0 
25425.658063899995 1848445.3412455297 637010.0 
25425.658063899995 1848445.3412455297 637010.0 
25425.658063899995 1848445.3412455297 637010.0 
25425.658063899995 1848445.3412455297 637010.0 
25425.658063899995 1848445.3412455297 637010.0 
25425.658063899995 1848445.3412455297 637010.0 
25425.658063899995 1848445.3412455297 637010.0 
25425.658063899995 1848445.3412455297 637010.0 
25425.658063899995 1848445.3412455297 637010.0 
25425.658063899995 1848445.3412455297 637010.0 
25425.658063899995 1848445.3412455297 637010.0 
25425.658063899995 1848445.3412455297 637010.0 
25425.658063899995 1848445.3412455297 637010.0 
25425.658063899995 1848445.3412455297 637010.0 
25425.658063899995 1848445.3412455297 637010.0 
25425.658063899995 1848445.3412455297 637010.0 
25425.658063899995 1848445.3412455297 637010.0 
25425.658063899995 1848445.3412455297 637010.0 
25425.658063899995 1848445.3412455297 637010.0 
25425.658063899995 1848445.3412455297 637010.0 
25425.658063899995 1848445.3412455297 637010.0 
25425.658063899995 1848445.3412455297 637010.0 
25425.658063899995 1848445.3412455297 637010.0 
25425.658063899995 1848445.3412455297 637010.0 
25425.658063899995 1848445.3412455297 637010.0 
25425.658063899995 1848445.3412455297 637010.0 
25425.658063899995 1848445.3412455297 637010.0 
25425.658063899995 1848445.3412455297 637010.0 
25425.658063899995 1848445.3412455297 637010.0 
25425.658063899995 1848445.3412455297 637010.0 
25425.658063899995 1848445.3412455297 637010.0 
25425.658063899995 1848445.3412455297 637010.0 
25425.658063899995 1848445.3412455297 637010.0 
25425.658063899995 1848445.3412455297 637010.0 
25425.658063899995 1848445.3412455297 637010.0 
25425.658063899995 1848445.3412455297 637010.0 
25425.658063899995 1848445.3412455297 637010.0 
25425.658063899995 1848445.3412455297 637010.0 
25425.658063899995 1848445.3412455297 637010.0 
25425.658063899995 1848445.3412455297 637010.0 
25425.658063899995 1848445.3412455297 637010.0 
25425.658063899995 1848445.3412455297 637010.0 
25425.658063899995 1848445.3412455297 637010.0 
25425.658063899995 1848445.3412455297 637010.0 
25425.658063899995 1848445.3412455297 637010.0 
25425.658063899995 1848445.3412455297 637010.0 
25425.658063899995 1848445.3412455297 637010.0 
25425.658063899995 1848445.3412455297 637010.0 
25425.658063899995 1848445.3412455297 637010.0 
25425.658063899995 1848445.3412455297 637010.0 
25425.658063899995 1848445.3412455297 637010.0 
25425.658063899995 1848445.3412455297 637010.0 
25425.658063899995 1848445.3412455297 637010.0 
25425.658063899995 1848445.3412455297 637010.0 
25425.658063899995 1848445.3412455297 637010.0 
25425.658063899995 1848445.3412455297 637010.0 
25425.658063899995 1848445.3412455297 637010.0 
25425.658063899995 1848445.3412455297 637010.0 
25425.658063899995 1848445.3412455297 637010.0 
25425.658063899995 1848445.3412455297 637010.0 
25425.658063899995 1848445.3412455297 637010.0 
25425.658063899995 1848445.3412455297 637010.0 
25425.658063899995 1848445.3412455297 637010.0 
25425.658063899995 1848445.3412455297 637010.0 
25425.658063899995 1848445.3412455297 637010.0 
25425.658063899995 1848445.3412455297 637010.0 
25425.658063899995 1848445.3412455297 637010.0 
25425.658063899995 1848445.3412455297 637010.0 
25425.658063899995 1848445.3412455297 637010.0 
25425.658063899995 1848445.3412455297 637010.0 
25425.658063899995 1848445.3412455297 637010.0 
