25472.39681369033 4817265.846191333 -111154.0 
28088.826529045626 56215.46836352462 -28579.0 
25425.658063899977 142637.94173847887 25936.0 
25425.658063899977 142637.94173847887 25936.0 
25425.658063899977 142637.94173847887 25936.0 
25425.658063899977 142637.94173847887 25936.0 
25425.658063899977 142637.94173847887 25936.0 
25425.658063899977 142637.94173847887 25936.0 
25425.658063899977 142637.94173847887 25936.0 
25425.658063899977 142637.94173847887 25936.0 
25425.658063899977 142637.94173847887 25936.0 
25425.658063899977 142637.94173847887 25936.0 
25425.658063899977 142637.94173847887 25936.0 
25425.658063899977 142637.94173847887 25936.0 
25425.658063899977 142637.94173847887 25936.0 
25425.658063899977 142637.94173847887 25936.0 
25425.658063899977 142637.94173847887 25936.0 
25425.658063899977 142637.94173847887 25936.0 
25425.658063899977 142637.94173847887 25936.0 
25425.658063899977 142637.94173847887 25936.0 
25425.658063899977 142637.94173847887 25936.0 
25425.658063899977 142637.94173847887 25936.0 
25425.658063899977 142637.94173847887 25936.0 
25425.658063899977 142637.94173847887 25936.0 
25425.658063899977 142637.94173847887 25936.0 
25425.658063899977 142637.94173847887 25936.0 
25425.658063899977 142637.94173847887 25936.0 
25425.658063899977 142637.94173847887 25936.0 
25425.658063899977 142637.94173847887 25936.0 
25425.658063899977 142637.94173847887 25936.0 
25425.658063899977 142637.94173847887 25936.0 
25425.658063899977 142637.94173847887 25936.0 
25425.658063899977 142637.94173847887 25936.0 
25425.658063899977 142637.94173847887 25936.0 
25425.658063899977 142637.94173847887 25936.0 
25425.658063899977 142637.94173847887 25936.0 
25425.658063899977 142637.94173847887 25936.0 
25425.658063899977 142637.94173847887 25936.0 
25425.658063899977 142637.94173847887 25936.0 
25425.658063899977 142637.94173847887 25936.0 
25425.658063899977 142637.94173847887 25936.0 
25425.658063899977 142637.94173847887 25936.0 
25425.658063899977 142637.94173847887 25936.0 
25425.658063899977 142637.94173847887 25936.0 
25425.658063899977 142637.94173847887 25936.0 
25425.658063899977 142637.94173847887 25936.0 
25425.658063899977 142637.94173847887 25936.0 
25425.658063899977 142637.94173847887 25936.0 
25425.658063899977 142637.94173847887 25936.0 
25425.658063899977 142637.94173847887 25936.0 
25425.658063899977 142637.94173847887 25936.0 
25425.658063899977 142637.94173847887 25936.0 
25425.658063899977 142637.94173847887 25936.0 
25425.658063899977 142637.94173847887 25936.0 
25425.658063899977 142637.94173847887 25936.0 
25425.658063899977 142637.94173847887 25936.0 
25425.658063899977 142637.94173847887 25936.0 
25425.658063899977 142637.94173847887 25936.0 
25425.658063899977 142637.94173847887 25936.0 
25425.658063899977 142637.94173847887 25936.0 
25425.658063899977 142637.94173847887 25936.0 
25425.658063899977 142637.94173847887 25936.0 
25425.658063899977 142637.94173847887 25936.0 
25425.658063899977 142637.94173847887 25936.0 
25425.658063899977 142637.94173847887 25936.0 
25425.658063899977 142637.94173847887 25936.0 
25425.658063899977 142637.94173847887 25936.0 
25425.658063899977 142637.94173847887 25936.0 
25425.658063899977 142637.94173847887 25936.0 
25425.658063899977 142637.94173847887 25936.0 
25425.658063899977 142637.94173847887 25936.0 
25425.658063899977 142637.94173847887 25936.0 
25425.658063899977 142637.94173847887 25936.0 
25425.658063899977 142637.94173847887 25936.0 
25425.658063899977 142637.94173847887 25936.0 
25425.658063899977 142637.94173847887 25936.0 
25425.658063899977 142637.94173847887 25936.0 
25425.658063899977 142637.94173847887 25936.0 
25425.658063899977 142637.94173847887 25936.0 
25425.658063899977 142637.94173847887 25936.0 
25425.658063899977 142637.94173847887 25936.0 
25425.658063899977 142637.94173847887 25936.0 
25425.658063899977 142637.94173847887 25936.0 
25425.658063899977 142637.94173847887 25936.0 
25425.658063899977 142637.94173847887 25936.0 
25425.658063899977 142637.94173847887 25936.0 
25425.658063899977 142637.94173847887 25936.0 
25425.658063899977 142637.94173847887 25936.0 
25425.658063899977 142637.94173847887 25936.0 
25425.658063899977 142637.94173847887 25936.0 
25425.658063899977 142637.94173847887 25936.0 
25425.658063899977 142637.94173847887 25936.0 
25425.658063899977 142637.94173847887 25936.0 
25425.658063899977 142637.94173847887 25936.0 
25425.658063899977 142637.94173847887 25936.0 
25425.658063899977 142637.94173847887 25936.0 
25425.658063899977 142637.94173847887 25936.0 
25425.658063899977 142637.94173847887 25936.0 
25425.658063899977 142637.94173847887 25936.0 
25425.658063899977 142637.94173847887 25936.0 
