38751.33467596876 1.0517698713286668E7 546485.0 
25425.658063899962 5302012.476065059 1262022.0 
25425.658063899962 5302012.476065059 1262022.0 
32426.63970865559 7459980.482715143 905234.0 
26737.33182856611 5795874.75024215 1082211.0 
26737.331828566104 5575990.573642012 1260839.0 
25425.658063899962 5302012.476065059 1262022.0 
25425.658063899962 5302012.476065059 1262022.0 
25425.658063899962 5302012.476065059 1262022.0 
25425.658063899962 5302012.476065059 1262022.0 
25425.658063899962 5302012.476065059 1262022.0 
25425.658063899962 5302012.476065059 1262022.0 
25425.658063899962 5302012.476065059 1262022.0 
25425.658063899962 5302012.476065059 1262022.0 
25425.658063899962 5302012.476065059 1262022.0 
25425.658063899962 5302012.476065059 1262022.0 
25425.658063899962 5302012.476065059 1262022.0 
25425.658063899962 5302012.476065059 1262022.0 
25425.658063899962 5302012.476065059 1262022.0 
25425.658063899962 5302012.476065059 1262022.0 
25425.658063899962 5302012.476065059 1262022.0 
25425.658063899962 5302012.476065059 1262022.0 
25425.658063899962 5302012.476065059 1262022.0 
25425.658063899962 5302012.476065059 1262022.0 
25425.658063899962 5302012.476065059 1262022.0 
25425.658063899962 5302012.476065059 1262022.0 
25425.658063899962 5302012.476065059 1262022.0 
25425.658063899962 5302012.476065059 1262022.0 
25425.658063899962 5302012.476065059 1262022.0 
25425.658063899962 5302012.476065059 1262022.0 
25425.658063899962 5302012.476065059 1262022.0 
25425.658063899962 5302012.476065059 1262022.0 
25425.658063899962 5302012.476065059 1262022.0 
25425.658063899962 5302012.476065059 1262022.0 
25425.658063899962 5302012.476065059 1262022.0 
25425.658063899962 5302012.476065059 1262022.0 
25425.658063899962 5302012.476065059 1262022.0 
25425.658063899962 5302012.476065059 1262022.0 
25425.658063899962 5302012.476065059 1262022.0 
25425.658063899962 5302012.476065059 1262022.0 
25425.658063899962 5302012.476065059 1262022.0 
25425.658063899962 5302012.476065059 1262022.0 
25425.658063899962 5302012.476065059 1262022.0 
25425.658063899962 5302012.476065059 1262022.0 
25425.658063899962 5302012.476065059 1262022.0 
25425.658063899962 5302012.476065059 1262022.0 
25425.658063899962 5302012.476065059 1262022.0 
25425.658063899962 5302012.476065059 1262022.0 
25425.658063899962 5302012.476065059 1262022.0 
25425.658063899962 5302012.476065059 1262022.0 
25425.658063899962 5302012.476065059 1262022.0 
25425.658063899962 5302012.476065059 1262022.0 
25425.658063899962 5302012.476065059 1262022.0 
25425.658063899962 5302012.476065059 1262022.0 
25425.658063899962 5302012.476065059 1262022.0 
25425.658063899962 5302012.476065059 1262022.0 
25425.658063899962 5302012.476065059 1262022.0 
25425.658063899962 5302012.476065059 1262022.0 
25425.658063899962 5302012.476065059 1262022.0 
25425.658063899962 5302012.476065059 1262022.0 
25425.658063899962 5302012.476065059 1262022.0 
25425.658063899962 5302012.476065059 1262022.0 
25425.658063899962 5302012.476065059 1262022.0 
25425.658063899962 5302012.476065059 1262022.0 
25425.658063899962 5302012.476065059 1262022.0 
25425.658063899962 5302012.476065059 1262022.0 
25425.658063899962 5302012.476065059 1262022.0 
25425.658063899962 5302012.476065059 1262022.0 
25425.658063899962 5302012.476065059 1262022.0 
25425.658063899962 5302012.476065059 1262022.0 
25425.658063899962 5302012.476065059 1262022.0 
25425.658063899962 5302012.476065059 1262022.0 
25425.658063899962 5302012.476065059 1262022.0 
25425.658063899962 5302012.476065059 1262022.0 
25425.658063899962 5302012.476065059 1262022.0 
25425.658063899962 5302012.476065059 1262022.0 
25425.658063899962 5302012.476065059 1262022.0 
25425.658063899962 5302012.476065059 1262022.0 
25425.658063899962 5302012.476065059 1262022.0 
25425.658063899962 5302012.476065059 1262022.0 
25425.658063899962 5302012.476065059 1262022.0 
25425.658063899962 5302012.476065059 1262022.0 
25425.658063899962 5302012.476065059 1262022.0 
25425.658063899962 5302012.476065059 1262022.0 
25425.658063899962 5302012.476065059 1262022.0 
25425.658063899962 5302012.476065059 1262022.0 
25425.658063899962 5302012.476065059 1262022.0 
25425.658063899962 5302012.476065059 1262022.0 
25425.658063899962 5302012.476065059 1262022.0 
25425.658063899962 5302012.476065059 1262022.0 
25425.658063899962 5302012.476065059 1262022.0 
25425.658063899962 5302012.476065059 1262022.0 
25425.658063899962 5302012.476065059 1262022.0 
25425.658063899962 5302012.476065059 1262022.0 
25425.658063899962 5302012.476065059 1262022.0 
25425.658063899962 5302012.476065059 1262022.0 
25425.658063899962 5302012.476065059 1262022.0 
25425.658063899962 5302012.476065059 1262022.0 
25425.658063899962 5302012.476065059 1262022.0 
25425.658063899962 5302012.476065059 1262022.0 
