0.0 1.0000000000000002 
0.8518327851413018 -0.773369012323787 
0.8518327851413018 -0.773369012323787 
0.0 1.0000000000000002 
0.6525115544419119 -0.45826332566538397 
0.8233318342272722 -0.45826405958737093 
0.45388276774353015 -0.12421844464880469 
0.618396811213119 -0.12421873752416054 
0.4093137610704989 0.24215993108670342 
0.25776250931365496 0.24216108547958926 
0.18222903767347373 0.669650654388007 
0.08300112159085549 0.6696523565588901 
0.19550025306567043 0.5853905821737037 
0.21658523296076446 0.4268004108841059 
0.19636280241822315 0.5792603571523495 
0.4268423867241328 0.027890669825854576 
0.22650037859395836 0.35655090481941226 
0.21585783904854583 0.4322510995011998 
0.4301453260352148 -0.005000223671434331 
0.8428562151937786 -0.7397905936680583 
0.4182714109787694 0.12613684602997577 
0.21333513764007012 0.45133556662516056 
0.6329464965137619 -0.3398406606433047 
0.02362981281386467 0.8303057803161972 
0.6422193068652366 -0.42450677379967383 
0.23401837298932698 0.3111086435499013 
0.22712676077154678 0.3524547269933473 
0.41869206092483824 0.12095702216388218 
0.2476060287048641 0.25549454150326817 
0.012277874585553683 0.8845751599931524 
0.20177374842315396 0.5395699089452223 
0.42859896719899104 0.010002064505726833 
0.20113431213737504 0.5443542593845248 
0.44498816831445787 -0.1065580539625387 
0.42649916491963547 0.03148645086785339 
0.20763667273056535 0.49618968866848584 
0.41330035952127375 0.1894024077436832 
3.041744637561185E-5 0.9944847695463016 
0.05918331388424883 0.6999864603079031 
0.8236335801310257 -0.4644098940174288 
0.8273655315593879 -0.5364545059413496 
0.43905393633276846 -0.07596027128421044 
0.6293802495261331 -0.29521540339030955 
0.18706715631792067 0.6414183457288865 
0.8422370190712712 -0.7350483304574985 
0.8469726504886842 -0.7634561298921898 
0.6324412515304092 -0.33389575413596123 
0.4343135027944812 -0.04165778734827813 
0.18322762223100791 0.6641016171505307 
0.6391775284735846 -0.4020737375813399 
0.19205138475799324 0.6092245186085977 
0.013925345990637716 0.8761192137957774 
0.44353949043462965 -0.10042283154568246 
0.1975608228389801 0.5706459321970686 
0.23570887695946563 0.3021524595824415 
0.8301462222922662 -0.5849591942481879 
0.20815001256189675 0.49105102563981945 
0.8460892713193174 -0.7595427446662605 
0.19165605756751142 0.6118805370864968 
0.6385054891986637 -0.39639044523418526 
0.41916921467490637 0.11511950333563324 
0.19707275772038077 0.5741689017659241 
0.4188329940471313 0.11922857268779286 
0.03112447174816907 0.7977680499090022 
0.4130659678663611 0.19246434320060252 
0.6235426061410441 -0.20991605081692483 
0.4305687370789417 -0.00898086826012685 
0.019215622539455968 0.8504713824850348 
0.2002798640062403 0.5507127410770737 
0.6312778948657889 -0.3197254681990389 
0.6427603068189355 -0.427930278309883 
0.41971978120050946 0.10843584689951527 
0.20645148586334017 0.5040731009315054 
0.03191002367172033 0.7944724497225779 
0.4139371459756644 0.18111458182320525 
0.43747644120288515 -0.06547153059627027 
0.6269942766788916 -0.26207048267595423 
0.03660284779248478 0.7752728433160947 
0.41188538281081477 0.20797185515241862 
0.19487296061768755 0.5898086006869111 
0.2206029472985205 0.39729214792184186 
0.18430606013011244 0.657924297396962 
0.014446582797776122 0.8734722587415745 
0.24645672289845744 0.25862455810361096 
4.787596800801541E-4 0.9781122217194359 
0.6253973905690159 -0.2385219121393385 
0.4160476324446276 0.15400463303720746 
0.21691817028220434 0.42431527128792784 
0.43470926509916447 -0.044834599861757404 
0.8304059090676971 -0.5892480640608495 
0.641788775060652 -0.4216702059253153 
0.43400500786753093 -0.039144941789211546 
0.6264202705274554 -0.25372963292498557 
0.21391720301355732 0.4469104242835266 
0.6242047605587798 -0.22028206588738622 
0.22316599533664772 0.3791422372291405 
0.8258933053230639 -0.5089386055272022 
0.8272368540795112 -0.5340986008089712 
0.4355778597035031 -0.05161171372056236 
0.6311036197202536 -0.3175453995314769 
0.8262993223301797 -0.5166486481343184 
0.43952622916271344 -0.07891068034384852 
0.21471053567964665 0.4408985000568814 
0.19393561325856398 0.5963439664301372 
0.03403967196199226 0.7856519683056292 
0.18459439739532518 0.6562497341594569 
0.6300233865482721 -0.3037116904905602 
0.060358580082248064 0.6971294997197208 
0.4281893747539816 0.014094643753127115 
0.013461334380570095 0.8784523840176265 
0.4418506883121118 -0.0921674937924786 
0.6378091254211447 -0.3902308655386905 
0.634992557242821 -0.36257929226528285 
0.4209460587358764 0.09375965244127821 
2.4333182356565453E-4 0.9843990430323871 
0.438333779747187 -0.07128966778469381 
0.4405448985126439 -0.08498759843268328 
0.440166867986052 -0.0827815456820356 
0.4094585486811455 0.24022293383694057 
0.41100627555624203 0.2196028160591762 
0.0539031694177069 0.7143310081670684 
0.4175015683053059 0.13569487837845234 
0.2414342776382728 0.2758951909918901 
0.8335128608829651 -0.6371515901666972 
0.8362601652062982 -0.6736434063987944 
0.6226233355627819 -0.19525778241539746 
0.4258056713467059 0.03884844229792985 
0.020827283069524374 0.8430076872618935 
0.22852252802089892 0.3435126923336366 
0.4444381104971948 -0.10433264749262668 
0.0214227493512041 0.8402810745545587 
0.2210265664391578 0.3942509191841531 
0.013024992076777708 0.8806909726599199 
0.8438225958210922 -0.746580244043427 
0.1982292703395575 0.5657925027428793 
0.8237733151096108 -0.46724045152934784 
0.8378405933552662 -0.6927864612499031 
0.2328211996630932 0.3177543985410443 
0.036073193656655414 0.7773953252664773 
0.4440466010482285 -0.10267087954809843 
0.020295516964342175 0.8454579991418312 
0.2049803358215527 0.5153715413294363 
0.8325933856270179 -0.6236410653809413 
0.4194256194690481 0.11199980658928557 
0.6347006707607756 -0.35937832847092815 
0.41780856773807334 0.1318714300891228 
0.6188671281812319 -0.13239636214811526 
0.23336719184747362 0.31469314471347315 
0.6315625783339501 -0.32325442728841314 
0.41567263778791047 0.15877808691865736 
0.21887267338778263 0.4098621094737255 
0.8327848264888169 -0.6265013341342655 
0.4457556878792403 -0.10929946791973712 
0.8337431378484523 -0.6404450782372186 
0.22454225857437438 0.36966533131942186 
0.25336528619720367 0.24469535102539985 
0.8373485456244988 -0.6861244456450696 
0.4142048306454079 0.17764803240303123 
0.62097302460455 -0.16820120923274098 
0.05443074206008712 0.7127917490090341 
0.839861288957744 -0.7140564645456234 
0.42724508553529417 0.023712919295630314 
0.6260847317991052 -0.248790532544799 
0.8357514583547567 -0.6676034342245646 
0.01482549682494444 0.8715818867306733 
6.580286114791917E-4 0.97433432946002 
0.19126375206025314 0.6145058215694634 
8.569165732950565E-5 0.990855029304431 
0.19450648363365408 0.5923734030336518 
3.234522478259838E-6 0.9982015221570463 
0.824200133562063 -0.475824886418397 
0.20445207402779197 0.5193334743862864 
0.6291368988977207 -0.29171451371548734 
0.827061371366738 -0.5308704134828716 
0.4363978444117095 -0.057760187074382525 
0.8234436653101738 -0.46054710033454077 
0.8352434008511983 -0.6610016089251866 
0.029713492125258048 0.8037434342414141 
0.23189580918076816 0.32305604793302894 
0.4288476886706558 0.007540808947503786 
0.631852420372991 -0.32680666806999276 
0.18941461904502643 0.6266172534544292 
0.03565455060611272 0.7790813224369098 
0.4260970688246969 0.03573946044186302 
0.8408527204657418 -0.723351704932714 
0.04394850948414636 0.7472043200871286 
0.6295967707727819 -0.29806781361630313 
0.06286588740384219 0.691469153564653 
0.18921906481899353 0.6278757440948791 
0.8411261834377808 -0.7256117455841818 
0.8275996731442103 -0.5407167276617988 
0.21260086048269883 0.45693260491679744 
0.062151860631759044 0.6930197260088049 
0.6236727612809247 -0.21196654646859722 
0.18985851598145692 0.6237765485368476 
0.22225705172867827 0.3855092934462591 
0.0024535351541905004 0.9502778962824041 
0.8240233427036613 -0.47228046109461136 
0.002824781959510955 0.9466009710488805 
0.24080413016587743 0.27845711884848784 
0.6359180091638347 -0.37190552594534765 
0.4128528021937779 0.1952540617399531 
0.19921238160386928 0.5585966182356529 
0.20418976004227862 0.5213289161976529 
0.43073296856264665 -0.010509804331674314 
0.22267127386503272 0.3825970342772542 
0.23512072618635357 0.3056677614167214 
0.433700496045048 -0.03663132980932856 
0.8322114822092603 -0.617862782573897 
0.06160987042715041 0.6942295701042642 
0.186532816744946 0.6446914222375999 
0.07466234121038563 0.6734045934524726 
0.23879562167640506 0.2871786055143709 
0.41004963011797446 0.23232862476434848 
0.831686129463878 -0.6097547937859146 
0.43979925485678756 -0.08057047738508359 
0.022410994339358684 0.835789911181753 
0.007716916874510114 0.9103014449040409 
0.034358221817090806 0.784347586006647 
0.8261890398895505 -0.5145634802545008 
0.1942585869415396 0.5941182001655109 
0.01158531989253114 0.8882407230770735 
0.030274342454420768 0.8013598486260983 
0.18377617875221586 0.6609738031894355 
0.1874197527976466 0.6392387046971061 
0.01860153283384597 0.8533503576418561 
0.211434215612747 0.46585247626168147 
0.20528264634583365 0.51300634368162 
0.8355585846228155 -0.6651188707329586 
0.011937861439429154 0.886369516695584 
0.42509247321944343 0.04655109756057817 
0.4262315388973519 0.0343123365856882 
0.0019424609660034977 0.955808177496956 
0.8294565206113258 -0.5733678003892573 
0.8254374391312795 -0.5001740706864123 
0.018102832659651194 0.8557039218924085 
0.8319659910978302 -0.614097124911894 
0.2344628011961723 0.3087045991986275 
0.8367972597861663 -0.6806085106685936 
0.20934158093446398 0.48190323503817994 
0.06805861408678064 0.681723001710876 
0.42136106233174875 0.08886164503714102 
0.4247659080711009 0.0501214469750159 
0.203855177131318 0.5238673742231359 
0.22000614851494338 0.40160112219754257 
0.6252729286573224 -0.23665143912091846 
0.19846761304258204 0.5640575305614525 
0.0034616856486552605 0.940788187430415 
0.22988796803216177 0.335027124836404 
0.6361536807924473 -0.3745024977547644 
0.843127081409335 -0.741769097174645 
0.21850942209534702 0.41252938522826665 
0.4137711523283607 0.1832705554425785 
0.21108428547683772 0.4685330131593028 
0.8313576497935926 -0.6045948593887268 
0.20672439820433886 0.5019833628297284 
0.8375892214061988 -0.6899259449527468 
0.8387610166830285 -0.7028566206032636 
0.826525007436463 -0.5206896749973328 
0.25005531651288826 0.2501707838782286 
0.4429876613920267 -0.09785476690034876 
0.8386804745789209 -0.7002244370332531 
0.8451503566608937 -0.754680712274591 
0.21783224288102174 0.41752563093799605 
0.039177060426676125 0.7651338500706949 
0.8347574569520017 -0.6545157391893687 
0.2398951139620112 0.28230081130121604 
1.6477280372757808E-4 0.9871627611480027 
0.8318000946727783 -0.6115298750166464 
0.6277539546296291 -0.27289454901810156 
0.07922639427098183 0.6704162163057679 
0.20604760896290336 0.5071632284841242 
0.04096454640322822 0.7582777566268987 
0.4465962072435082 -0.11232382572190618 
0.6287537703275273 -0.28675703844184874 
0.22426968690208 0.37152603029603964 
0.23251697346467198 0.3194821215956729 
0.6213131760901961 -0.17385309100360122 
0.6223749657941811 -0.19124555705779744 
0.4222730209816167 0.07822686444269986 
0.6266858201396238 -0.25760546718476895 
0.015785175091081266 0.8668508874747826 
0.23219264923334793 0.3213401413173335 
0.24627875829501167 0.25913747405295945 
0.6304289210752034 -0.3089700345002693 
0.05154800368621981 0.721471087179125 
0.4409308973623386 -0.08718137867589726 
0.00731350660277557 0.9128153475424081 
0.6430190909900264 -0.4295017471135121 
0.22882957455696773 0.34158134671974477 
0.411572473816015 0.21210413034448464 
0.2236677115153648 0.37842248694716263 
0.21813837844985665 0.41526316933297264 
0.20337056229718314 0.5275441747546252 
0.19682292129381873 0.5759651716648826 
0.6200496500383998 -0.15266670071492455 
0.023010986744641276 0.8330828779905682 
0.20914192018798655 0.48379716457922256 
0.6232958423135013 -0.20601134794752776 
0.6274326178031452 -0.26834598272438553 
0.18614969739637777 0.6470150057965169 
0.6222061780583819 -0.1885065934616173 
0.41025191779500847 0.22963216233232425 
0.8299046305805902 -0.5809334303723295 
0.046347336386865945 0.7386731640420704 
0.41172787957910484 0.21005075684851482 
0.04698686965828969 0.7364641166545872 
0.4234963137026217 0.06425201437479441 
0.8354112443225779 -0.6632029557947674 
0.05573719615286489 0.7091046894944845 
0.40969976456225937 0.23699867549627882 
0.6247051799548548 -0.2280059004816899 
0.6227970910911278 -0.1980516979793243 
0.20962262525230058 0.4797454716402126 
0.005839402933159432 0.9225187724826905 
0.08117366344255839 0.6698311062605792 
0.619412326733261 -0.1417956969600786 
0.8267239106355622 -0.5246130297081875 
0.22607710566644612 0.3593468206349064 
0.03518622968058357 0.7809760372327509 
0.6351697435348738 -0.3644448290068553 
0.6195250115482395 -0.143727411143987 
0.0012713408783240898 0.9642933683263598 
0.026560314328786805 0.8173479753985894 
0.20366987299113942 0.5252723987323724 
0.6320543116117241 -0.32925662170089803 
0.4241658248989849 0.056751507052721716 
0.18248648730907918 0.6682306000999857 
0.8295994923559484 -0.5757951773105077 
0.025014447598283196 0.8241445244455847 
0.010354306243220618 0.894934820916955 
0.4232329123656918 0.06723204178312098 
0.028336078066788256 0.8096439586290486 
0.0457047806138588 0.7409239284601332 
0.08018733014053038 0.670075996784037 
0.6467410081140061 -0.4475562863383151 
0.640228293537008 -0.4104392180569779 
0.25209966821989793 0.24635331292129753 
0.03963755383478976 0.7633527096419063 
0.06343085312100089 0.690277520332798 
0.6205228818655195 -0.16066385211507594 
0.21911390907950962 0.4080959332542574 
0.2059462297214346 0.5079383209391672 
0.019965386159203083 0.8469832884758145 
0.41700966929214195 0.14185292457291038 
0.022055858122516994 0.8373991183423042 
0.4135696497358697 0.18589198604542548 
0.42753813391614376 0.02070103855686833 
0.19245409122320006 0.6065021182640014 
0.6368939556958719 -0.381718808962351 
0.834987521687632 -0.6576071838676794 
0.41068754259853224 0.2238351525599588 
0.834474974392842 -0.6506690749459931 
0.2215775281574373 0.39031935832707165 
0.06600886591371063 0.6852429431381346 
0.6256463395713049 -0.24226810761476522 
3.4166953013717305E-4 0.9815120277194938 
0.024492843468766345 0.8264572316995296 
0.622473293186366 -0.19283655505229164 
0.8300315797440251 -0.5830540419697935 
0.6221133136604517 -0.18699543906981805 
0.02427853901371363 0.8274102434565572 
0.21179515272505126 0.4630901891592855 
0.8264847819256633 -0.5201399285959895 
0.42400892178022587 0.058499661208685716 
0.4245609091090349 0.05237637681733601 
0.06904278600310851 0.6801883285762403 
0.43601626923010545 -0.05492942654599995 
0.04153642686441308 0.7561183453646976 
0.635716046180121 -0.37009365236105385 
0.254651828327959 0.24343228993142177 
0.18781174249716975 0.636797146528639 
0.6215104742370426 -0.1771138013881611 
0.8447790701810295 -0.7525597496210035 
0.8290573901731433 -0.5665226013850948 
0.04275226643997876 0.7515849805308966 
0.8346833413997432 -0.6533081378989501 
0.01678562696059957 0.8619935608283722 
0.2296006044340048 0.33679055731311147 
0.8380211887981529 -0.6948125511607429 
0.6297413113824187 -0.30000883846200754 
0.028725669419597033 0.8079684056846979 
0.016367933517229247 0.8640121993059052 
0.20736648416073622 0.49706234723726656 
0.6375641231277228 -0.3879988792567267 
0.006536808537921296 0.9178164851419758 
0.8307974443400454 -0.5956317739285306 
0.4353746331575795 -0.05005026457918933 
0.18507581437775616 0.6534252781802791 
0.4422387159306879 -0.09416801238462831 
0.8503939140634247 -0.7724968489363079 
0.8245076087480004 -0.4819509260069705 
0.07194935240575527 0.6762554036456553 
0.4237706384309484 0.06116580502943673 
0.2144811137539783 0.44263459871010447 
0.015241845148109334 0.8695194975329468 
0.6281294692506382 -0.2781526440353556 
0.6203363445876914 -0.15752140834901815 
0.40991211824744334 0.23416320526459294 
0.2302839750539336 0.3331971805219026 
0.8359964887623162 -0.6707214057190414 
0.828397718301384 -0.5550026865283533 
0.8370611600165939 -0.6837645428479419 
0.23638218856517423 0.29873048796029367 
0.42536873232008493 0.04355189086499693 
0.6285952541703953 -0.28458876997077986 
0.4229251992761354 0.07073399287554936 
0.2291007761060161 0.3398864947394592 
0.4334967675892601 -0.03493185518108978 
0.6381368582555865 -0.3931638649494047 
0.837471251333732 -0.6885673244982368 
0.20094892970624562 0.5457370214005239 
0.2401263268008771 0.28130674194597344 
0.42066574014908586 0.09708812390945604 
0.21725313844193628 0.42182132990461646 
0.8320894291024101 -0.615995557029646 
0.24386395778591224 0.26682719088393636 
0.827721877423883 -0.5429286193581578 
0.8329278664092981 -0.6286221657436077 
0.18542242491186944 0.651373114072852 
0.21296949346158553 0.45413836117399403 
0.24057163146314658 0.2794236909869514 
0.41547991254341454 0.16123900660515067 
0.41053371795342775 0.22588058089408652 
0.8441640940887247 -0.7488000826821591 
0.19655259739730388 0.5779032000015955 
0.6208490759267532 -0.166132284669442 
0.06397478287389574 0.6891599563950759 
0.6344004564030871 -0.356222834885409 
0.45187848050422824 -0.12331088861881807 
0.24813829576139473 0.25415117574768537 
0.6290215374959303 -0.2903940151635177 
0.43512880814555566 -0.04814175845445778 
0.03336881901180666 0.788411831488008 
0.19885513857364645 0.561218906944612 
0.4215267488854859 0.08692648854501721 
0.6272627864262185 -0.26592451017408403 
0.20218396047658455 0.5364901009612334 
0.23326815361675057 0.3152613460482358 
0.4121511600111872 0.2044689637627752 
0.21511757102217727 0.43782368959132245 
0.41989070532976747 0.10637277207966929 
0.19966212033101213 0.5552836595524497 
0.8285060126224313 -0.5569121792652543 
0.4349891847946207 -0.046618335486361163 
0.6215527866833671 -0.17781139844812868 
0.6388180800543994 -0.3990660760785697 
0.4327109908630168 -0.028244996314087164 
0.43116046955780835 -0.0130349512853636 
0.8390423167552181 -0.7058084546874017 
0.6316732316306959 -0.3246154229721259 
0.4298406763463051 -0.0016389449924746249 
0.04992381772071802 0.7266399451237403 
0.8413484176947482 -0.7277128961567153 
0.4230661812953559 0.06912673156125687 
0.6452292797954509 -0.44125759490801286 
0.05730971033699506 0.7048003123275122 
0.43328719288680817 -0.033168828788815705 
0.032959189195693434 0.7901064569466015 
0.6455027739817483 -0.44250274203547063 
0.4147399938474277 0.17073362385016924 
0.8252216792783916 -0.495986574311435 
0.6190770229495723 -0.1360253373229544 
0.0017570341169674264 0.9579862061654555 
0.8293331580912007 -0.5712632192637854 
0.8323935012719939 -0.6206290277363883 
0.8288540076784011 -0.5629976167688266 
0.6190479472942244 -0.1355234011159959 
0.4124924235492329 0.2000091972393699 
0.18829372272167288 0.63376888809926 
0.18877879509839757 0.6306924991025777 
0.8247394315275016 -0.48653711324990867 
0.016147565162233424 0.8650822659699317 
0.0084193733169598 0.9060417885131915 
0.8278954094336008 -0.5460545280844691 
0.21936333918225295 0.4062742186507695 
0.18822003267544335 0.6342337884134504 
0.41643114265584646 0.14914379047109372 
0.22777033669538507 0.3482991231739317 
0.029412045097965578 0.8050291226282859 
0.8395362315709807 -0.7108419368296905 
0.6219030251760733 -0.18355343130853305 
0.8404371444956376 -0.7195075118186639 
0.04769768254342871 0.7340290384784472 
0.056149266373376805 0.7079368807572833 
0.6303366241709535 -0.30778006868679997 
0.6342167657771499 -0.3542129665435876 
0.02117520291545183 0.8414126525552306 
0.6371693089749381 -0.38433163473155213 
0.022897626411210292 0.8335932330413556 
0.19327130246972044 0.6009253737029956 
0.8289765776961333 -0.5651274598630621 
0.0037405109545210202 0.9384017407166626 
0.25379722068286326 0.2442243331943945 
0.011021221576016538 0.8912777757953938 
0.4162958600066538 0.15085597801190345 
0.22813127415412043 0.3459927263252244 
0.6211496700711474 -0.17114106227932052 
0.20196270299131536 0.5381522356072511 
0.44724893833150425 -0.11434619755164259 
0.8350513106672368 -0.6584577258248319 
0.619260315008043 -0.13918379653239166 
0.20706062292059219 0.4994072074230692 
0.8342742784254484 -0.6479009078654916 
0.04753221331219923 0.7345917276949998 
0.6197155103344743 -0.1469843523439995 
0.6405562099949931 -0.4126832966971358 
0.008123316741625836 0.9078199022422545 
0.24888734465434587 0.25237858965583776 
0.834136548751875 -0.6459732795946369 
0.2381612734656418 0.2901041940983271 
0.21005562602160757 0.4764219676433003 
0.00986941002247027 0.8976438143433102 
0.8248982992388865 -0.48966369808204346 
0.621960338079766 -0.18449962556248478 
0.4367602952344404 -0.06039961682002998 
0.43790111734488785 -0.06838822159389953 
0.23469662452783924 0.3074537912135852 
0.22495080075355842 0.3668920236793099 
0.4386509025249421 -0.07337103705181476 
1.1945578692157399E-4 0.9890699686155663 
0.41509152943755856 0.16621370169471653 
0.8269903874706621 -0.5291066510178263 
0.8297772133044278 -0.5787948795324809 
0.0445800638120355 0.7449247085291539 
0.027998090811506393 0.8111018703126355 
0.2197845793784076 0.4032082844218865 
0.21425637666165612 0.44433723845148376 
0.18583480798275823 0.6489105608424898 
0.03713881991244772 0.7731373272846291 
0.43790909271992107 -0.06844252656698259 
0.2507683393321182 0.24853696209894613 
0.4328655865036197 -0.029577015998263203 
0.015448840407980016 0.8684996157472352 
0.6239922964248842 -0.21697385282350687 
0.03880842033408022 0.7665671562529752 
0.07374399111848534 0.6742802299652086 
0.6245562218264309 -0.22571401131315044 
0.8434948403721745 -0.744361402933173 
0.8282854003444532 -0.55301482866228 
0.19784499886818588 0.5685864396136749 
0.634543770942075 -0.357775497292199 
0.22258371589127418 0.3832110865147972 
0.6257895310877652 -0.2444070865447985 
0.41720810939337694 0.13936406094314913 
0.6308549468317473 -0.31440685679713576 
0.23936015220819096 0.28464322479037224 
0.18870229908793787 0.6311795372632968 
0.6262339561093199 -0.2509928255925264 
0.6207589241876641 -0.16439768485489206 
0.6187528810013649 -0.13040805723319687 
0.03082593955965128 0.7990264178833542 
0.8414969689681498 -0.7289824318634319 
0.6241386139846956 -0.2178418637536533 
0.02611398045518901 0.8193016315434839 
0.05324862157165311 0.7162718262790555 
7.98949768524751E-4 0.971714252610263 
0.6399280235486363 -0.4081140240252872 
0.0665588950165288 0.6842558545995638 
0.005154440882643996 0.9273745823077737 
0.23781166935353426 0.291750753532045 
0.07549710906265708 0.6726882992686929 
0.6334490621509294 -0.3456260071644742 
0.01006909772847464 0.8965228032546554 
0.8280452202553383 -0.5487388988494081 
0.8310289511582599 -0.5993603582774008 
0.6374160740274821 -0.38663388618823985 
0.007136268002680118 0.9139370366366039 
0.23931260990054593 0.28485423172911506 
0.6408320419212177 -0.41492716716478134 
0.8244083647361649 -0.4799789809697662 
0.8369617372947606 -0.6825815190627004 
0.841704341823815 -0.730725697853638 
3.926549761507081E-4 0.980179636259347 
0.19256669653299666 0.6057371408072885 
0.006141306264039126 0.920455978523524 
0.42782573187397566 0.018021533617178787 
0.0030372482343449803 0.9445993964565301 
0.6409242485142972 -0.4156256755562869 
0.21059837250296906 0.47226377921468154 
0.6196568610811826 -0.14598249572260436 
0.41931535706677436 0.11333988576983307 
0.19876381222109257 0.5618879007207624 
0.630662623222138 -0.3119650860100651 
0.23150119737489694 0.32535917245874807 
0.4313654795131746 -0.016318560418763794 
0.8238935848597548 -0.4696688023091004 
0.8359355717584567 -0.669950277210328 
0.8249940045903164 -0.4915407741321564 
0.4360437775299072 -0.055135279916098186 
0.19067944615597093 0.6183705549804257 
0.20557756164337349 0.5107909546977929 
0.2249069907197386 0.36718851245650136 
0.6279489230275276 -0.2756304163163026 
0.4485707296824616 -0.11787283762625475 
0.0015256002938205948 0.9608679752732455 
0.638108404890293 -0.39291151508863 
0.6198613243840043 -0.14946986547675153 
0.82558761471766 -0.5030738608797081 
0.02564651732855805 0.8213553034543931 
0.8334946344885732 -0.6350522036546982 
0.056866994927220985 0.7059831810133885 
0.4143127317190551 0.17625351862750369 
0.8292067194862515 -0.5690964586146169 
0.1929613553001728 0.6030483159424359 
0.04422285313457281 0.7462112010942583 
0.6199041630519107 -0.15019884549743184 
0.06446313412383659 0.6881816092938701 
0.6332869815177762 -0.34371858717717896 
0.2376143513667101 0.2926906906131062 
0.2304240880651195 0.33177106616573043 
0.42515764397725464 0.04584181435788075 
0.6436977083792832 -0.4334298227930436 
0.8311680860244465 -0.6015835706311691 
0.422414153749713 0.07659729830338141 
0.21303984368473433 0.4535846123758436 
0.032694526095457005 0.791203181049341 
0.6504093856160033 -0.45683520315903764 
0.8287673443049786 -0.5614911023555236 
0.641223806196624 -0.4177702850248549 
0.6321822003743145 -0.3307941088011653 
0.04327739920453988 0.7496519852922118 
0.42019206079763577 0.10274844656424839 
0.6217355587715023 -0.1808177953031633 
0.8389342216576435 -0.7046816631115543 
0.8488780506327855 -0.7696965829280773 
0.04885200582510901 0.7301548631369272 
0.42341247398350473 0.06519886006843202 
0.635367104690467 -0.36649712710479243 
0.0712437777794292 0.6776835352343933 
0.8473812697269906 -0.7650483546398322 
0.07287980656454116 0.6757103642610021 
0.04489793274187298 0.7437862617619154 
0.4153859734809623 0.1624404172839549 
0.2116097371699251 0.46450871505265195 
0.19286846936384666 0.6036824325476378 
0.2183413360457171 0.41376670465177706 
0.00425909336655618 0.9341700882114348 
0.6444967266891789 -0.4376938727126852 
0.21035170410194964 0.4741501670567228 
0.24427759751131473 0.2654190468510844 
0.193576498988097 0.5988258944610216 
0.0406982142511533 0.7592891826306475 
0.027213615390757312 0.8145009544307976 
0.6471059716544733 -0.44884668863123267 
0.24222898973395954 0.2729656454429847 
0.04520240255936035 0.7427014869221358 
0.8278432838753921 -0.5451174220766645 
0.004879516203101564 0.9294013894124596 
0.8383751603855041 -0.6987115865127312 
0.037633220186883864 0.7711790944223536 
0.4225350237424368 0.07520523985157677 
0.030527756400844056 0.8002864874040467 
0.20822695798992125 0.4904604356128466 
0.4411730830355129 -0.08852732679609968 
0.006253065077654885 0.9197032217221494 
0.23135718144429807 0.32649448037032663 
0.21736757626541342 0.4209708149412352 
0.824815139903133 -0.48802874833763554 
0.8257405046080819 -0.5060134718717723 
0.05655457559280745 0.7068281550378285 
0.01771553331764264 0.8575418818444279 
0.42274529089721313 0.0727912713455131 
0.6478114080505892 -0.4511480769836192 
0.4181028969898851 0.12824643922978926 
0.8392695429611824 -0.7081481599150615 
0.44141314561248246 -0.08983822183911927 
0.06969370250738867 0.6792293906514922 
0.4126961687780354 0.19730692865081145 
0.8324476897080536 -0.6214482990678366 
0.8443222007339047 -0.7497959261674068 
0.055173256086686745 0.7106639924187275 
0.8421109822345014 -0.734045791006275 
0.6244149989043852 -0.22353866817067566 
0.8312266625222413 -0.6025172716432092 
0.6202916254817404 -0.15676642766790216 
0.6259557042418828 -0.24594748236966676 
0.24549430765417177 0.261487195937556 
0.632305378662591 -0.3322752069308797 
0.4366252773895257 -0.05942205138031053 
0.8260345523870507 -0.511623928799247 
0.018459378654335334 0.854019992532588 
0.19521524539628637 0.5874025842693298 
0.4468768597511502 -0.11321605913782215 
0.06766507763965701 0.6823650458931034 
0.2253452283901596 0.3642326710570827 
0.20072593062047964 0.547803839585532 
0.8251169764269144 -0.49394548039261976 
0.8297016465431785 -0.5775146457654092 
0.19997891467646334 0.552945278227255 
0.4204025169414435 0.10022805122556018 
0.4511673390461688 -0.12255389576512075 
0.027606064285136622 0.8128221007360491 
0.0016498355525408715 0.9592963577490441 
0.843396360809914 -0.7436778538915607 
0.4315934865319207 -0.018381122183394417 
0.4525877962429674 -0.1238393049930137 
0.4220567381928713 0.0807327338654255 
0.41122346656795017 0.2167231118932566 
0.22744781611166434 0.3503748538856641 
0.4502799038243994 -0.12129147048729905 
0.24853701391650937 0.2531905797751396 
0.41107492125250444 0.21869212169933563 
0.04327739920453988 0.7496519852922118 
0.007939616567091023 0.9089496843704541 
0.6395017680046631 -0.4047047295127342 
0.6387788625906708 -0.3987334470704641 
0.18567848433178621 0.6498467178618342 
0.4205071700447235 0.09897800792107221 
0.0782123494958545 0.6708839976832691 
0.6441761469024414 -0.4360301403076671 
0.05203145132639175 0.7199705084458016 
0.038541880942389126 0.7676074736079918 
0.21229916255356723 0.4592364411387808 
0.8381749931725219 -0.6965188805227794 
0.6282221548067027 -0.2794411203576884 
0.41444973536943014 0.17455889727199472 
0.07724535660746581 0.6714343810876034 
0.633828746796262 -0.3499111435127421 
0.004787025654526295 0.9300944607158054 
0.6231402637413593 -0.20353809379627133 
0.6229753604971322 -0.200899240953694 
0.0323874405292458 0.7924800710621572 
0.8478476047326848 -0.7666964014113861 
0.2069636404000565 0.5001504594270944 
0.8338599672686502 -0.6421020787883482 
0.03487774250486353 0.7822289127734028 
0.8260537996821901 -0.5119972035619861 
0.6355333114871771 -0.36822215841341444 
0.18768626084643136 0.6375808176954447 
0.6251675194622546 -0.2339829919877052 
0.6414975292048648 -0.41968346829972464 
0.6330865913312896 -0.3410528664063349 
0.4123119694452612 0.20235282020741743 
0.25647875661022407 0.24237817858405006 
0.4296092234096978 1.1919439967231027E-4 
0.6484487273332051 -0.45294196647759777 
0.009206601391733543 0.9014230747459264 
0.4256361628388287 0.04066723290191363 
0.4168292151881703 0.1441219662307389 
0.23729070266522878 0.29424885789884975 
0.24549430765417177 0.261487195937556 
0.02684075685740478 0.8161240144657826 
0.05787585169647347 0.7033127218176631 
0.0010891946402398697 0.9669597882364875 
0.04846128109808956 0.7314560985072397 
0.84545239472403 -0.7561006596650021 
0.006874753327727703 0.9156126045307229 
0.44810459032600714 -0.11671654300887756 
0.6275992928988563 -0.27071100463067077 
0.41141247890737964 0.21422032642684932 
0.8343824891670997 -0.6493835442386706 
0.22568943564113508 0.3619268231207608 
0.0021324092000775674 0.9536810491665298 
0.4238254185937732 0.06055164543593685 
0.6513953539757763 -0.45786025822227716 
0.22125783226413195 0.39259734646694927 
0.43190084103603377 -0.021134879378190342 
0.20279121161705774 0.53191687108509 
0.6433610555940038 -0.4315153169387129 
0.8455786751078868 -0.7569883350311167 
0.013079232164269927 0.8804112773473609 
0.620649147965874 -0.16278467547359057 
0.42793347408502175 0.01667626751728944 
0.4319647505561758 -0.021703615202882765 
0.6279038233630576 -0.27500050945534327 
0.08226130791802055 0.669681533126867 
0.6492011738259067 -0.45419117825285066 
0.43220057144848434 -0.023790635002563773 
0.8315054976451653 -0.6069264847681463 
0.8491962948855715 -0.770444092181767 
0.8393207681594509 -0.7086701916768456 
0.23668785747553273 0.2972050783356603 
0.2087979913621375 0.48607667129819176 
0.2253452283901596 0.3642326710570827 
0.6263085152278611 -0.25208975974496467 
0.2109213379928298 0.4697818530471964 
0.18642557838631368 0.645343559334845 
0.42813895929523904 0.01513603376300111 
0.4146188612246166 0.17229776953299727 
0.4508340284607568 -0.12212101586048521 
0.24450326757965768 0.2646605202597031 
0.6367758757875125 -0.3805912663134732 
0.6463034832862452 -0.4458803587816542 
0.05218611342477113 0.7194941121079204 
0.4476577975320881 -0.11551879082699476 
0.6217437047173694 -0.1809515241888064 
0.6331845104086247 -0.3425925125993704 
0.23103997973940044 0.3283798670276603 
0.42910488472086267 0.005014885874999388 
0.8340307090905498 -0.6445067950953854 
0.4531140198687653 -0.12408489044265518 
0.22370091548798607 0.3754348554729284 
0.4290552517355558 0.005500799810304744 
0.824284257567433 -0.47729182412352883 
0.2280552280410399 0.3464772103003702 
0.6283361489433253 -0.28102044771937607 
0.05109830132111132 0.72288322464285 
0.429511021120948 0.0010664523755245007 
0.22032341742545547 0.3993065919159933 
0.038088687382834024 0.771078212344363 
0.8330692448772223 -0.6307047949259487 
0.017009649039327168 0.8609159012037464 
0.02598030415747815 0.8198881123527806 
0.4274333915903754 0.021774795891303666 
0.6363214163100515 -0.376080906668564 
0.0653990043517062 0.6863797039240284 
0.009021091291532602 0.9025037188893944 
0.003978976584897112 0.936424779914988 
0.6238441512896408 -0.21465707241203955 
0.004540202008877725 0.9319869265254959 
0.20072593062047964 0.547803839585532 
0.20504679571556822 0.5148049834939916 
0.24350490852391934 0.268084663036022 
0.03723105791792622 0.7727757570889545 
0.4211620412361297 0.09120608961223065 
0.2514709455692251 0.24732872388313235 
0.03216931283040608 0.7933891913116942 
0.6272627864262185 -0.26592451017408403 
0.18248648730907918 0.6682306000999857 
0.23682556009060668 0.2965236815795766 
0.43126670560603797 -0.0154198517384277 
0.4202672394369983 0.10184711396122914 
0.4149831128728795 0.16829037697071023 
0.2555840532235134 0.2427854627633637 
0.41489338308909496 0.16875942699763583 
0.8243389173552687 -0.4785960399191827 
0.6185247915534404 -0.1264502322344773 
0.6186734902036091 -0.1290371401972228 
0.0493374802599936 0.7285527877162147 
0.21241324835964348 0.45836500562879806 
0.6192803874415787 -0.13952908453174623 
0.050593081336034545 0.7244866421890227 
0.20263011199007958 0.5331316988339863 
0.19096374491689005 0.6164920334712655 
0.2426094182083502 0.2713466433542871 
0.22399252132209546 0.37342645370902067 
7.268909114561094E-4 0.9730225782159171 
9.420302295408602E-4 0.969279614048808 
0.43247736816581855 -0.026216932072398346 
0.6301649896318957 -0.30554648823002173 
0.006760830621520961 0.9163505170248158 
0.4497698318077109 -0.12040688744800995 
0.41714255461478555 0.1401855483230332 
0.4293152391840892 0.00296365140164155 
0.0715410357398008 0.6773095746714434 
0.21034069415694587 0.4752300744921261 
0.8305614931187189 -0.5917964613390542 
0.4167897072480816 0.1446189636886452 
0.8246293408498866 -0.4843626833826254 
0.42267049038725635 0.07364882629511706 
0.8366038111635505 -0.6782626778919124 
0.058715404397030546 0.7011591459232398 
0.6340963810389975 -0.35288699309946125 
0.004126984740664762 0.9352248095066893 
0.4152437144622273 0.16426198930586655 
0.41663302137905756 0.1465957664263232 
0.04250856685937121 0.7524872211668957 
0.20557686488396476 0.5107932191194156 
0.2429113952004917 0.2702266960720492 
0.04551678174066409 0.7415873263716853 
0.05316133794939236 0.7165332056863604 
0.41586407324165753 0.1563389429314214 
0.20850664549452322 0.4883134509706473 
0.6372469669064227 -0.3849481841187668 
0.6488755146753012 -0.4539987618968362 
0.19014967505816194 0.6218469282112215 
0.8364248287260494 -0.6760679916738774 
0.18364866995828613 0.6617017816859735 
0.6396648690393918 -0.4060331283237243 
0.03995461503680517 0.762132040292084 
0.2494382588800803 0.25116263947282524 
0.8253506615923746 -0.49849289372492067 
0.01722624017924118 0.8598780643372222 
0.6284438766448115 -0.2820283084372139 
0.24499180402094012 0.26306792524531514 
0.4210988708917268 0.09195195875275315 
0.8253075197401066 -0.4976555783434204 
0.18514687260357027 0.6530059034391865 
0.004478445819794008 0.9324507928059241 
0.8364013985915919 -0.675778968094798 
0.076710400734736 0.6717826706659336 
0.8286101797261949 -0.5587422674703652 
0.6446614396544857 -0.43852407541944344 
0.8339446423526075 -0.6432971519061933 
0.6364056733378985 -0.3769862192786544 
0.20850664549452322 0.4883134509706473 
0.8268532850987173 -0.527019617944195 
0.07033639241494952 0.6783266550701988 
0.41586407324165753 0.1563389429314214 
9.180387033788928E-4 0.9696743730553058 
0.2385192408124766 0.2884433609698012 
0.4489117197548859 -0.11865812253690491 
0.4216660707416684 0.08528558741614031 
0.4371791969807538 -0.06338959112347804 
0.6275572348352872 -0.2701154328265238 
0.6248280160765849 -0.22988715594650985 
0.20884884939745085 0.4856861957434616 
0.41068754259853224 0.2238351525599588 
0.6268686685366092 -0.26025709760019733 
0.8315054976451653 -0.6069264847681463 
0.8282064114296328 -0.5516123772421824 
0.038137056058723695 0.7691938299273057 
0.05269473955897919 0.717940630398257 
0.624861026295757 -0.23039169515072147 
0.6366292935528636 -0.37917590097852283 
0.041731239835507916 0.755386634463782 
0.011243102875437616 0.8900774006998207 
0.42470588834146616 0.0507805619114103 
0.8267416803480087 -0.5249441389361917 
0.6238441512896408 -0.21465707241203955 
0.01959539564355911 0.8487009935724574 
0.25094473537621154 0.2482219389296972 
0.23498531808513734 0.30592293552975064 
0.8246085266566442 -0.4839508607560407 
0.4104107216548282 0.22751744639612742 
0.057740734946508165 0.7036651760071083 
0.825065596796922 -0.49294173509267003 
0.8306441604318979 -0.5931442571184136 
0.8406205891291335 -0.7212435625190969 
0.6365464435266548 -0.37837070228732156 
0.050964751408436634 0.723304926358926 
0.19782476398786478 0.5687332835453054 
0.6458597184425228 -0.4440569466543328 
0.8256971257032266 -0.5049808316006619 
0.6512215151750881 -0.4577248774251297 
0.0032245361577948467 0.9428889077057429 
0.841900055118886 -0.7323399175542847 
0.2309364524049522 0.3286979918065119 
0.2360230357044202 0.3005452815242026 
0.8484309122704988 -0.7685012920792095 
0.005373038257858908 0.9257963262528998 
0.6398483638715597 -0.4074883576850087 
0.01067917602033619 0.8931439134024929 
0.6496264025894639 -0.4555757046876911 
0.0010800656224737165 0.9670990071998974 
0.4370434056806875 -0.06242739301239642 
0.214085952966345 0.4456296593270239 
0.8395265619083905 -0.7107472556088075 
0.41740058215275955 0.13695595451512863 
0.643880330216577 -0.4344291371869587 
0.6434148858124259 -0.4318268588791037 
0.41453210860040846 0.17341399345253314 
0.04911449691653985 0.729286622896328 
0.052631143150443815 0.718133775835484 
0.42172314811322165 0.08461774681038133 
0.19101557442576506 0.6161486043930569 
0.8382723899119562 -0.6975902582454002 
0.43121255652405716 -0.013676572312228822 
0.1952968386575883 0.5873016020640784 
0.43247736816581855 -0.026216932072398346 
0.42436275459772244 0.05456592840213759 
0.009431362986089875 0.9001310665459755 
0.21207351074011255 0.46096097332049324 
0.42436275459772244 0.05456592840213759 
0.02542399118707904 0.8223356402331161 
0.22033425770185835 0.39924111061748374 
0.06715552415929937 0.6832203036405174 
0.0032737815412009347 0.9424469297994384 
0.21565630618604964 0.43376521596728707 
0.25532797389499967 0.2429405792628422 
0.6268358914020604 -0.2596919102290182 
0.4316782381288523 -0.019143528762469816 
0.010700411723267855 0.8930274877096102 
0.4321880206907902 -0.023680021327236005 
0.050593081336034545 0.7244866421890227 
0.6307143670188986 -0.31262470891231325 
0.8365967818298508 -0.6781769237513409 
0.445966513691216 -0.11019587107261022 
0.07793291020623577 0.6710325756733176 
0.23607568282107122 0.30027774686405234 
0.009566226351438917 0.8993610411640269 
0.017415027701586594 0.8589743342517141 
0.03335723493102982 0.7884596402350911 
0.4330673007139322 -0.031302982882527836 
0.2044031767509309 0.5197084110043398 
0.41360644421070364 0.1854297441122121 
0.8332190250665973 -0.6328964243695496 
0.027737658307580612 0.8122279451511503 
0.19003800714706887 0.6225756374435413 
0.6501323793325516 -0.4564346258922345 
0.049662340115215184 0.7274900348469819 
0.005671356919656839 0.924190321965229 
0.24177506521150138 0.2745451967089086 
0.8233885497234662 -0.45942269027003535 
0.8479702445426542 -0.7670998246701485 
0.6201569739373117 -0.15448935135921865 
0.618409219032475 -0.12443528536764585 
0.6232742473286289 -0.2056684904964062 
0.008625034484350091 0.9048203607370797 
0.8281599489102351 -0.5505690693117531 
0.019612059752472072 0.8486243375525163 
0.19990785645064924 0.5534709392123266 
0.003834302651034016 0.9376174969057612 
0.6244880043426919 -0.22466569213051915 
0.8402624035365789 -0.71790864506365 
0.1934035254798946 0.6000171208679248 
0.827631371732033 -0.5412912680007517 
0.6228839323927576 -0.19944406030429424 
0.41216028634318796 0.20434879729288735 
