4.163336342344337E-17 4.759390694083817E-17 0.0 0.0 3.420230411040947E-17 4.463344460346513E-17 0.0 4.925513494191422E-18 9.160968357830776E-17 0.0 1.1491137844089045E-16 8.626035054765E-17 7.548209342851158E-17 4.1285883377013625E-17 1.7666829041746054E-16 3.707242372892734E-17 8.1502026530969055E-19 1.501080961137753E-16 4.8326216465523336E-17 1.595789312246477E-16 2.767907054539068E-17 4.3069927614806616E-17 0.0 3.253711908464215E-17 0.0 1.0381120985466755E-16 1.1607714712561E-16 8.511232695664157E-17 2.467346827953506E-16 0.0 
0.8518304368077623 4.759390694083817E-17 0.0 0.0 3.420230411040947E-17 4.463344460346513E-17 0.0 4.925513494191422E-18 9.160968357830776E-17 0.0 1.1491137844089045E-16 8.626035054765E-17 7.548209342851158E-17 4.1285883377013625E-17 1.7666829041746054E-16 3.707242372892734E-17 8.1502026530969055E-19 1.501080961137753E-16 4.8326216465523336E-17 1.595789312246477E-16 2.767907054539068E-17 4.3069927614806616E-17 0.0 3.253711908464215E-17 0.0 1.0381120985466755E-16 1.1607714712561E-16 8.511232695664157E-17 1.3571238033283497E-16 0.0 
4.163336342344337E-17 4.759390694083817E-17 0.0 0.0 3.420230411040947E-17 4.463344460346513E-17 0.0 4.925513494191422E-18 9.160968357830776E-17 0.0 1.1491137844089045E-16 8.626035054765E-17 7.548209342851158E-17 4.1285883377013625E-17 1.7666829041746054E-16 3.707242372892734E-17 8.1502026530969055E-19 1.501080961137753E-16 4.8326216465523336E-17 1.595789312246477E-16 2.767907054539068E-17 4.3069927614806616E-17 0.0 3.253711908464215E-17 0.0 1.0381120985466755E-16 1.1607714712561E-16 8.511232695664157E-17 2.467346827953506E-16 0.0 
0.8518304368077623 4.759390694083817E-17 0.0 0.0 3.420230411040947E-17 4.463344460346513E-17 0.0 4.925513494191422E-18 9.160968357830776E-17 0.0 1.1491137844089045E-16 8.626035054765E-17 7.548209342851158E-17 4.1285883377013625E-17 1.7666829041746054E-16 3.707242372892734E-17 8.1502026530969055E-19 1.501080961137753E-16 4.8326216465523336E-17 1.595789312246477E-16 2.767907054539068E-17 4.3069927614806616E-17 0.0 3.253711908464215E-17 0.0 1.0381120985466755E-16 1.1607714712561E-16 8.511232695664157E-17 1.3571238033283497E-16 0.0 
0.6000412565184086 4.759390694083817E-17 0.0 0.0 3.420230411040947E-17 4.463344460346513E-17 1.201522025787725E-10 4.925513494191422E-18 2.442926450378915E-8 0.0 1.1491137844089045E-16 8.626035054765E-17 7.548209342851158E-17 4.1285883377013625E-17 1.7666829041746054E-16 3.707242372892734E-17 3.634564576022053E-11 1.501080961137753E-16 4.8326216465523336E-17 1.595789312246477E-16 2.767907054539068E-17 4.3069927614806616E-17 0.0 3.253711908464215E-17 0.0 1.0381120985466755E-16 1.1607714712561E-16 8.511232695664157E-17 2.467346827953506E-16 0.0 
0.22029089671261404 4.759390694083817E-17 0.0 0.0 3.420230411040947E-17 4.463344460346513E-17 0.0 4.925513494191422E-18 9.160968357830776E-17 0.0 1.1491137844089045E-16 8.626035054765E-17 7.548209342851158E-17 4.1285883377013625E-17 1.7666829041746054E-16 3.707242372892734E-17 8.1502026530969055E-19 1.501080961137753E-16 4.8326216465523336E-17 1.595789312246477E-16 2.767907054539068E-17 4.3069927614806616E-17 0.0 3.253711908464215E-17 0.0 1.0381120985466755E-16 1.1607714712561E-16 8.511232695664157E-17 1.3571238033283497E-16 0.0 
0.6295614979800486 1.061811243418599E-10 0.0 0.0 3.420230411040947E-17 4.463344460346513E-17 0.0 4.925513494191422E-18 9.160968357830776E-17 1.6826120383785248E-11 1.1491137844089045E-16 8.626035054765E-17 7.548209342851158E-17 4.1285883377013625E-17 1.7666829041746054E-16 3.707242372892734E-17 8.1502026530969055E-19 1.501080961137753E-16 4.8326216465523336E-17 3.140566048615874E-5 2.767907054539068E-17 4.3069927614806616E-17 0.0 3.253711908464215E-17 0.0 1.0381120985466755E-16 1.1607714712561E-16 8.511232695664157E-17 1.3571238033283497E-16 0.0 
0.004985663134152385 4.759390694083817E-17 0.0 0.0 3.420230411040947E-17 4.463344460346513E-17 0.0 4.925513494191422E-18 9.160968357830776E-17 0.0 1.1491137844089045E-16 8.626035054765E-17 7.548209342851158E-17 4.1285883377013625E-17 1.7666829041746054E-16 3.707242372892734E-17 8.1502026530969055E-19 1.501080961137753E-16 4.8326216465523336E-17 1.595789312246477E-16 2.767907054539068E-17 4.3069927614806616E-17 0.0 3.253711908464215E-17 0.0 1.0381120985466755E-16 1.1607714712561E-16 8.511232695664157E-17 2.467346827953506E-16 0.0 
0.257320918054853 4.759390694083817E-17 0.0 0.0 3.420230411040947E-17 4.463344460346513E-17 0.0 4.925513494191422E-18 9.160968357830776E-17 0.0 1.1491137844089045E-16 8.626035054765E-17 7.548209342851158E-17 4.1285883377013625E-17 1.7666829041746054E-16 3.707242372892734E-17 8.1502026530969055E-19 1.501080961137753E-16 4.8326216465523336E-17 1.595789312246477E-16 2.767907054539068E-17 4.3069927614806616E-17 0.0 3.253711908464215E-17 0.0 1.0381120985466755E-16 1.1607714712561E-16 8.511232695664157E-17 2.467346827953506E-16 0.0 
0.8246980340029171 4.759390694083817E-17 0.040930731748264115 0.0 3.420230411040947E-17 4.463344460346513E-17 0.0 4.925513494191422E-18 9.160968357830776E-17 0.0 1.1491137844089045E-16 8.626035054765E-17 7.548209342851158E-17 4.1285883377013625E-17 8.460987171076684E-4 0.02634266453872362 8.1502026530969055E-19 1.501080961137753E-16 4.8326216465523336E-17 1.595789312246477E-16 2.767907054539068E-17 4.3069927614806616E-17 0.0 3.253711908464215E-17 0.0 1.0381120985466755E-16 1.1607714712561E-16 8.511232695664157E-17 1.3571238033283497E-16 0.0 
