0.0 1.0000000000000007 
1.0 1.3322676295501886E-15 
1.0 1.3322676295501886E-15 
0.0 1.0000000000000007 
0.5744092780820289 0.6700540326897428 
0.8109765147690104 0.34248866372518744 
0.5796576527434338 0.6639970056178671 
0.7345502999969853 0.46043585677438237 
0.858890543817084 0.26230703374176406 
0.5198765331829485 0.7297283902724125 
0.27405638777361013 0.9248930965615234 
0.15653637306508467 0.9754963639079762 
0.30410000388131686 0.9075231876411413 
0.08603563202393821 0.9925978700222731 
0.7767147320619835 0.39671422499817066 
0.4506259118862936 0.7969394022447734 
0.6150644345317731 0.6216957413741617 
0.926932077801179 0.1407969632204815 
0.0903547260619853 0.9918360234783204 
0.10380399750323313 0.9892247352837144 
0.9715968038361884 0.055999650775329174 
0.38532624659316295 0.8515236836864438 
0.7625981742794928 0.41844402458599084 
0.5871133060505616 0.6552979658584513 
0.5649771543836606 0.6808008150245771 
0.8131114437626045 0.338849780022574 
0.8575758290085973 0.2645636975002521 
0.4012977956271239 0.838960079224841 
0.7146734131221536 0.4905899751639069 
0.2712841270893619 0.9264049226183966 
0.35887693940618015 0.8712073423625035 
0.6259223929265083 0.6082211580332257 
0.6682292755308734 0.5534700062320623 
0.5920559777220125 0.6494697192518183 
0.7888174049272201 0.37776710168395916 
0.4698523964617287 0.7792389240728037 
0.1363092852933764 0.9814197787428288 
0.4651446508654706 0.7836404537712879 
0.9806091468242332 0.038405701183141586 
0.7593603917929939 0.42337179537604364 
0.35602993998461935 0.8732426818346126 
0.5778085818862974 0.6661372427193953 
0.4906280836676164 0.7592840835166658 
0.5976444645147025 0.6440935101149629 
0.546015320217027 0.7018672715244311 
0.42011093260646715 0.8235068102156561 
0.7315347132927021 0.46485696331635123 
0.1537466025495935 0.9763619822047765 
0.07688763877360294 0.9940882919506431 
0.581228085250686 0.6621739129172679 
0.21594727708022454 0.9533667735342035 
0.7126170031536601 0.4921770068163186 
0.7792014161089141 0.39284515313680085 
0.964772229179437 0.06921454581119756 
0.7578818577618968 0.4256150898855755 
0.4079585066954017 0.8335698568433711 
0.7191907947812362 0.4827646010769049 
0.7945542670459746 0.36868351671909266 
0.8353708836503527 0.3021555035833449 
0.6426801480995818 0.5869844969670066 
0.43906050267322094 0.8072258749923815 
0.8253169724398627 0.31885189500346334 
0.49216277822402116 0.757775799942252 
0.8961188505821374 0.19697100563492256 
0.6665024238037208 0.5558002995289912 
0.33969010355420126 0.8846106690139557 
0.7151278888782092 0.4885921124970107 
0.3415608856666912 0.883336161385553 
0.17348555098590757 0.9699027635991465 
0.732432512929833 0.4635426140033387 
0.7870698917816595 0.3805209854508394 
0.5601865281812373 0.6861910536448231 
0.9314565456935121 0.13238870348481502 
0.6957035651277932 0.5159965494719992 
0.5587659996827875 0.6877805576903887 
0.9347172504267971 0.12630404271285106 
0.8860375818659814 0.21493740352125792 
0.6000754108111683 0.6399095013398695 
0.5576876256938647 0.6889845121479682 
0.7692351951129703 0.40827721459962923 
0.5053288549144159 0.7446427483909078 
0.36865278460274636 0.864095124404674 
0.6357026326382847 0.5958821628568066 
0.9870341917785992 0.025763504260002526 
0.4933853099875122 0.7565709358885625 
0.5991444499002788 0.6410259281540875 
0.9165544585863561 0.1599279244460142 
0.7178943297345832 0.48462773301553386 
0.7367552991943049 0.4571916292276157 
0.8699690372370471 0.24315387425232762 
0.5251139356807991 0.7242553545541558 
0.12047866556676273 0.9854852829725493 
0.24854732419414438 0.9382242276359677 
0.14667262981621404 0.978487139663457 
0.40599765137493354 0.8351659070784063 
0.43739848998372155 0.8086825610154404 
0.2185209135561881 0.9522486103386003 
0.3669139348341539 0.8653884778340315 
0.5400086767086205 0.7083906290798128 
0.8165139832371366 0.3333049151782587 
0.8310297885355665 0.30938949056655257 
0.2528639338739613 0.9360598309459753 
0.46734787059664745 0.7815859678494135 
0.8900627268265237 0.20778836390435035 
0.8566258186182716 0.26619220687677153 
0.5612708721132289 0.6849750153215078 
0.9659234166208621 0.06699195322365865 
0.6238421146468629 0.610821015992993 
0.23437993189338893 0.9450660475257021 
0.8493305997691296 0.27863767957705443 
0.8944847600422214 0.1998970140522879 
0.9279795755923894 0.138855552482571 
0.7378236800771476 0.45561621711745004 
0.8024731237377553 0.3560368856786413 
0.6198476749660756 0.6157888598391952 
0.6555084287085627 0.5703087002276084 
0.6343056890947445 0.5976594344807814 
0.6043485991900045 0.6347627706571378 
0.35771581785812134 0.8720393939443905 
0.7640642470209917 0.4162058264242783 
0.3383237188719739 0.8855370612489761 
0.024476687698770927 0.9994008917593273 
0.8808820380553112 0.2240468350315911 
0.7806262524791121 0.39062265394291407 
0.8365771393238766 0.3001386899639052 
0.5284371474598055 0.720754181184598 
0.3226134834370148 0.8959205403048477 
0.10945267781421547 0.9880201113193465 
0.5948720021171543 0.6461273010974578 
0.8516006890363876 0.2747762664327595 
0.20310644556798163 0.9587477717687752 
0.6211899015302426 0.6141235536811319 
0.39088412183757254 0.8472096032955299 
0.5727751872455964 0.671928584875943 
0.7995272076884872 0.36075624416793417 
0.2623664217445314 0.9311638607410118 
0.826356009565522 0.3171357454561449 
0.7163521359060754 0.48683980215558037 
0.8324861960242226 0.30696673342914493 
0.44911253153362024 0.7983009669680277 
0.7828669539939322 0.3871193323443884 
0.8685667417330882 0.24560052367039092 
0.803717894434102 0.3540375471747346 
0.6251191004382255 0.6092261102676851 
0.28499483296315353 0.9187779451858747 
0.7300818489896163 0.46698049392973406 
0.4352742005931592 0.8105363702980792 
0.14346099877010915 0.9794189418376902 
0.26052079066263645 0.9321289176325823 
0.5625251420067259 0.6835654646103331 
0.645916315498998 0.582792113372204 
0.5473631474813673 0.7003935869079897 
0.5013343680113286 0.7486638516628702 
0.7240481194854748 0.4757543206696393 
0.3264622196859713 0.8934224191188325 
0.6748916217703705 0.5445212988642802 
0.1985492860657095 0.9605781841362073 
0.5698403310673563 0.6752851854647441 
0.7086365574753085 0.49783422970711416 
0.2543480635917073 0.9353070625476174 
0.16496068652640777 0.9727879719010556 
0.5306483951068143 0.7184122807705954 
0.49987847010301023 0.7501215151277436 
0.5118673673487277 0.7379917982530811 
0.88173284945741 0.2225474555020877 
0.8973455721039675 0.19477092422655037 
0.32429782586468325 0.8948309201499112 
0.9463778705084294 0.10436892621198901 
0.09513905939258333 0.9909485593782875 
0.30920029925019676 0.90439517494538 
0.6590928311499044 0.5655966399268355 
0.8953875988422086 0.19828104784003023 
0.9600133699901781 0.0783743294402171 
0.7817099144985873 0.38892960957469574 
0.9625519803891825 0.07349368523555809 
0.22251884996930843 0.9504853614083659 
0.768368094086347 0.4096104719901753 
0.5684260417469936 0.6768918350641836 
0.6826443145357207 0.5339974324139705 
0.20877300821911382 0.9564143281484276 
0.751651062824056 0.4350206797555188 
0.1327864376335975 0.9823677619805973 
0.9155177958820419 0.16182716543090409 
0.8825432280907123 0.22111745055138615 
0.37747462667831644 0.857512906214096 
0.6288834827647558 0.6045055651057598 
0.3958541636771555 0.8432994810995009 
0.7959502165366543 0.366463252795298 
0.3108940826595672 0.9033448693672927 
0.03941715303351084 0.9984462880468455 
0.617022554694127 0.6192831669987434 
0.1347601928524083 0.9818396904225276 
0.6786599771223903 0.5394206389642136 
0.1494197144690891 0.9776737489313747 
0.9566798649811967 0.08476363593981528 
0.27580101717038086 0.9239337989278346 
0.47284109779340067 0.7764212962402557 
0.8051236286227451 0.35177594263368583 
0.9434751028789485 0.10985473024895293 
0.2510190992246082 0.9369894118742826 
0.39770108485874267 0.841833847105478 
0.8379132808737718 0.2979013337356048 
0.16229257654824877 0.9736612845798474 
0.8525661615128171 0.2731309404218669 
0.09681213843921557 0.9906274098512174 
0.8734322027313833 0.2371164736956301 
0.933744700463208 0.12812083435694496 
0.1393982428214961 0.9805690011745666 
0.6297896274528655 0.6033650251528212 
0.7463637863295656 0.4429410984558638 
0.38106922952549044 0.8547862423961362 
0.7387447558593738 0.45425618569112053 
0.4316752499160429 0.8136564786099744 
0.7923257853821727 0.37221987037917 
0.9609086750048493 0.07665451830080754 
0.09883011682064574 0.9902326080096053 
0.7858202219037372 0.3824866091304809 
0.026440184266235123 0.9993009166559844 
0.6637879156356391 0.5593856123005069 
0.5021920934179093 0.7478031015317644 
0.5226166763016956 0.7268718096514125 
0.38747180609472703 0.8498655994838898 
0.8661418261568479 0.24980062887459714 
0.8602448338181542 0.2599790407445084 
0.19371105618541895 0.9624760268403142 
0.7561987399673009 0.42816346567198016 
0.3119660431599706 0.9026771879151957 
0.9858413985457087 0.0281167369134511 
0.82429113557337 0.3205441238155954 
0.11498944131850658 0.9867774283852702 
0.8840652225597018 0.2184286822605408 
0.6813811265947776 0.5357197603211955 
0.5887672894035019 0.6533530789337086 
0.7753738178680668 0.39879544256701355 
0.2825922081449703 0.9201416438957635 
0.6972904842806278 0.5137859805317342 
0.8345078547722024 0.3035967886292245 
0.7094956092542376 0.49661598044952276 
0.5268891357772563 0.7224030020378492 
0.34915189456458146 0.8780929545244438 
0.4712400550554265 0.7779328106193574 
0.6569623506879957 0.5684004697785494 
0.40307587291396574 0.8375298406747196 
0.7075897566153156 0.49931673633312146 
0.8085703143434498 0.34638521468249617 
0.8713793924071968 0.2406982193873612 
0.8775032751326471 0.22998828975402597 
0.12498018640630926 0.9843799530059373 
0.6278332884542155 0.6059144549964051 
0.9187914278915541 0.1558223120330372 
0.34741235860570463 0.8793046530880606 
0.8833605655085576 0.21967411130591105 
0.48721849774017556 0.7626181354599163 
0.5934554485141461 0.6478117682827181 
0.7915978636095817 0.37337548239492285 
0.32136459823163316 0.8967247950866172 
0.8640546069632592 0.25340997396997933 
0.39295635511395277 0.845585302977358 
0.622915302057664 0.6119765264625814 
0.31657124172852263 0.8997826489106235 
0.7252639400647698 0.4739922172417748 
0.6690656263657269 0.5523511876159092 
0.4220725420123383 0.8218547692792769 
0.2578842705354939 0.9334957030104415 
0.145485781221514 0.9788338891795331 
0.6494877011046648 0.5781657261318874 
0.006050733309445208 0.9999633886264255 
0.9025482258939761 0.18540669993569542 
0.6051215219960989 0.6338279436388493 
0.510869744796012 0.739012103853187 
0.9501997482249267 0.09712044303577551 
0.8424093904470871 0.2903464188866472 
0.5540077334485722 0.6930754316098433 
0.948375453073369 0.10058400000899044 
0.917886964972171 0.15748351953421863 
0.8999708527671415 0.19005246416963434 
0.8760292338985182 0.23257278135542375 
0.46818795233646104 0.7808000412870374 
0.7704322217229714 0.4064352806122652 
0.4439116619237993 0.8029424364080725 
0.6890264833539671 0.525242505709281 
0.3317530884469826 0.8899398883101631 
0.9850819369266722 0.029613577541496613 
0.7674434134367922 0.41103060717255857 
0.29552510218507777 0.9126649139789911 
0.7483299129000689 0.44000234145898465 
0.0031081249114911502 0.9999903395595781 
0.9355858712048081 0.12467907850849376 
0.3281840056937718 0.8922952590594979 
0.1922458861745002 0.9630415192492874 
0.4453410804842722 0.8016713220333197 
0.8202514479503157 0.3271875621355777 
0.3511472246900295 0.876695626592537 
0.7024073236003053 0.5066239517558153 
0.4983915622708801 0.7516058506652341 
0.1776042822550404 0.9684567189257831 
0.9766720507370703 0.04611170549740342 
0.7288460125861926 0.468783489937356 
0.966913151134971 0.06507895816232713 
0.5853809458368082 0.6573291482566325 
0.10094191503317657 0.9898107297894599 
0.8507914257484709 0.27615394987389463 
0.6579914358713688 0.5670472703208435 
0.5324817567978608 0.7164631786897403 
0.28813644283516193 0.9169773903189985 
0.659959680349439 0.564453220313119 
0.49701124691103515 0.752979820444 
0.48925009955378956 0.7606343400866599 
0.2593135330432679 0.9327564915806393 
0.2988980145567601 0.9106599768940553 
0.07402903799719213 0.9945197015332619 
0.03400351335001062 0.9988437611125871 
0.9640198293292978 0.07066653529115935 
0.9257266961885219 0.14303008396394107 
0.9395666960865583 0.11721442360506265 
0.4363578786335286 0.8095918017545894 
0.27692235885836625 0.9233140074171735 
0.3457522210371686 0.8804554449807493 
0.5415875209434027 0.7066959027297033 
0.4232772840737027 0.8208363407872099 
0.8429731333396483 0.28939629646758763 
0.7504542080245529 0.4368184817059394 
0.9951402965687735 0.009695986340015752 
0.7018718450196141 0.5073759131710553 
0.4301703447152252 0.8149534745276856 
0.6799606656257376 0.5376534932025528 
0.6417674306261507 0.5881356813990685 
0.1686267461175024 0.9715650204939227 
0.5545544676711591 0.6924693423860157 
0.6879147939813489 0.5267732362217877 
0.6104550114557548 0.6273446789886403 
0.6018067388559161 0.6378298691784701 
0.2252218360414821 0.9492751245701416 
0.1064931194104885 0.9886592167729364 
0.9682433005779203 0.06250491088674305 
0.6446909574640455 0.5845722620922924 
0.9938771860712398 0.012208139007323825 
0.9678348538506121 0.06329569567296806 
0.11334931251156882 0.9871519333534434 
0.6395104046690138 0.5910264423203496 
0.4782998389227135 0.7712292640865708 
0.18929669236341956 0.9641667622763694 
0.8316529035257608 0.30835344805719983 
0.4338635189133435 0.8117624469562258 
0.905462449439848 0.180137752654482 
0.8009841093712058 0.3584244565348526 
0.5907086094418655 0.651063338731429 
0.9980155974873686 0.003964867172082855 
0.8704416944517408 0.24233125656036414 
0.3824907592033656 0.8537008191240568 
0.942018206495844 0.11260169863061906 
0.45911302849689273 0.7892152270645896 
0.9691661788771364 0.06071691790549127 
0.6308279546209055 0.6020560919739252 
0.7835523440782628 0.386045724096454 
0.7490470022207887 0.43892866159538035 
0.44032070167205584 0.8061176796876045 
0.7968935793623746 0.3649606235225171 
0.5705804788059738 0.6744379172055838 
0.46020483445191684 0.7882115103471076 
0.7932899078476459 0.37069112210741534 
0.16601988024045297 0.9724373993650222 
0.12351132030040596 0.9847449540052593 
0.03217295033522166 0.9989649012668076 
0.24538496542594235 0.9397862187429249 
0.4963783117299915 0.7536085716441124 
0.8224009151735463 0.3236567350583921 
0.7552744700268444 0.4295607541931516 
0.5499056772687274 0.6976037465584038 
0.413650266945532 0.8288934566560526 
0.5512079192001326 0.6961698298110945 
0.8018349631222839 0.35706069191478007 
0.29147054496015457 0.9150475513436577 
0.9173400794378759 0.15848717865695125 
0.9947139578846128 0.010544141989747896 
0.2679763090256053 0.928188697801142 
0.03675284310465565 0.9986492301366533 
0.12191351403895193 0.9851371798876863 
0.12689960728131036 0.9838968440321197 
0.6097098988126722 0.6282538392898678 
0.8183383189835964 0.3303223956842738 
0.9520506770985658 0.09359950823652559 
0.2841406146591981 0.9192641111011511 
0.8271082312361476 0.3158919738227254 
0.13120271929164246 0.9827858464537442 
0.22077623711125027 0.9512578531270546 
0.18446853853941006 0.965971358289798 
0.8728351824974039 0.23816121583160485 
0.7170751846635042 0.4858031822500935 
0.05585148980929139 0.996880611086133 
0.7844629805924827 0.3846178320799653 
0.9875864725723009 0.02467295919224635 
0.37556523588041435 0.8589507562703794 
0.5315967218294444 0.7174080537771245 
0.9021508161251821 0.18612390496478012 
0.3657473318211144 0.8662288892795577 
0.9885812007829146 0.022707209466242766 
0.2499151193476053 0.9375424331215081 
0.46210730039459014 0.7864568429220827 
0.9781857397810227 0.04315265849768223 
0.6129296145470462 0.6243172876112755 
0.8924785823752616 0.20348761009774355 
0.8987042961891503 0.19233058801123393 
0.539031025406237 0.7094455536740929 
0.9707725420208663 0.05760067165836745 
0.8042829026829246 0.35312901245836487 
0.6087556326792443 0.6294167562939589 
0.08186811747406908 0.9932976113413119 
0.38390992525629936 0.8526133632617083 
0.4611086567963699 0.7873788066278645 
0.503562576464282 0.746424740939333 
0.18597971902400207 0.9654115441117708 
0.8297683027991947 0.31148456366982485 
0.44813328302937205 0.7991794609951806 
0.9895403565585131 0.02080988276263007 
0.6941316253810246 0.5181812866861413 
0.28711847024436693 0.9175639408877796 
0.44719088732551887 0.8000203102930835 
0.9821629025166909 0.03535603292019715 
0.5429546608466946 0.705200236264913 
0.31514843399580406 0.9006814645500573 
0.7404566041066281 0.45172401754731006 
0.30713747483356074 0.9056665715529678 
0.4772513091719194 0.7722311878938363 
0.8482239464062253 0.2805161367484263 
0.6388853786978507 0.5918254728862004 
0.5238665378007201 0.7255638505727307 
0.8604902314513583 0.25955677648297604 
0.9789784346153576 0.04160122456765118 
0.8211412162298694 0.3257271030085814 
0.5852599341807574 0.6574708094429176 
0.3740051004906043 0.8601201848070406 
0.9229226560000586 0.14821377104194625 
0.5882353520166186 0.6539791706379293 
0.4821319132236361 0.7675488182728214 
0.17553254465517548 0.96918832576733 
0.5524627555983712 0.6947849058145565 
0.7279922616930752 0.47002726692604996 
0.970346839972273 0.05842701015585601 
0.2068885976422269 0.9571971081675819 
0.4743330270921664 0.7750081794096199 
0.9928413263186067 0.01426610075392509 
0.8371807287369734 0.2991284274325285 
0.32538840522681367 0.8941223857439725 
0.45409100885114667 0.793801355685176 
0.654843883545182 0.5711794881847015 
0.8915310336456918 0.20517241604676406 
0.8094434567043258 0.344801290398665 
0.6335449106578612 0.5986208461801888 
0.8994270608122071 0.19103096229827446 
0.8750936384172716 0.23421112400401112 
0.9149641800928415 0.16284054914707216 
0.39832389071736707 0.8413382728617539 
0.6514837901205413 0.57556887121027 
0.17155887286719995 0.9705675531419506 
0.5373939739419741 0.7112077167709245 
0.6441735788170084 0.5850404003541166 
0.2646064413954311 0.9299834311761521 
0.3939231945882843 0.8448245167699752 
0.6901487020791743 0.5236947690184508 
0.9536105023508912 0.09062700988841552 
0.8557427892790693 0.26770427859695184 
0.3367859302822157 0.8865752371643572 
0.7035509830901068 0.505016014199034 
0.9008944040090112 0.18838968138138446 
0.6758817156442775 0.5431839064577609 
0.5443716795870175 0.7036594744636632 
0.052851093345115674 0.99720680369593 
0.933182147603302 0.12917107939472122 
0.9197958768451933 0.15397554493892768 
0.5364992797583426 0.7121689169017994 
0.79869934691012 0.3620793532453817 
0.17085866536917643 0.9708073164696962 
0.2659443329847254 0.9292736117533837 
0.30076155071354527 0.9095424896218233 
0.9695517574821599 0.059969389563434214 
0.11777910329998392 0.9861280828260268 
0.7047317753818318 0.5033531247771486 
0.4558189606080858 0.7922290786578089 
0.4189694250515499 0.8244665613810732 
0.39519591590779496 0.8438201880594136 
0.05751500353705022 0.9966920243681874 
0.9960344273852797 0.007915420027801994 
0.7233739193462957 0.47673017280968955 
0.6847385161248879 0.5311331645352242 
0.9777283809239774 0.0440472131358233 
0.6928500835186522 0.51995876179719 
0.5446282779337147 0.7033800388763505 
0.8277738614782343 0.3147904342537498 
0.08474733139508334 0.9928178898214466 
0.9756546958366344 0.04809791458546878 
0.04289901391229983 0.9981596797499164 
0.20099683386026007 0.9596002727916825 
0.9443708374904891 0.10816372147778407 
0.24649735649184218 0.9392390532425954 
0.5131419086043932 0.7366855718571188 
0.26364432773378427 0.9304916684538985 
0.6114781592892038 0.6260944607162814 
0.049098431137935605 0.997589344059916 
0.9734155048268534 0.05246225496286087 
0.2423640047035834 0.9412596892240628 
0.15996125159433183 0.9744123979941759 
0.5182365231571182 0.7314309060670026 
0.8438814068867712 0.28786417111086393 
0.3732839521791427 0.8606590910571733 
0.2559170160440559 0.9345064808991365 
0.21397124079757168 0.9542163081700591 
0.6473741544786773 0.5809067092092763 
0.66249996076792 0.5610938055867452 
0.9411030670508117 0.11432501719034367 
0.73574067196033 0.45868566380848613 
0.6658879523255324 0.5565932349477265 
0.0830977509926335 0.9930947637799948 
0.8189970881644018 0.3292437695794039 
0.866802570149371 0.24865330438250083 
0.30807225964105833 0.9050914828398549 
0.6073654780922704 0.631107176055427 
0.8218952472204313 0.32448820293103625 
0.0541547863510079 0.997078915505765 
0.9490726298341714 0.09926114329981105 
0.5562816370166147 0.6905507403259032 
0.9913224949860003 0.017279710936102324 
0.9129796445325149 0.16646818930400203 
0.5902090375035638 0.6516532920491982 
0.5562816370166147 0.6905507403259032 
0.2901023355691678 0.9162298456412574 
0.9584068682480887 0.0814562748967833 
0.9361316779679414 0.12365748150579141 
0.7779412328453786 0.39480743824196435 
0.44235163446389253 0.804325031498082 
0.955903631480928 0.08624824732229132 
0.6405945019598237 0.5896386840615252 
0.7938071894405379 0.3698701459983167 
0.4572518805031208 0.7909207179988308 
0.9101508550530268 0.17162542104975906 
0.3699111807259483 0.8631657284245733 
0.9495233049049309 0.09840549344249037 
0.6539631516230263 0.5723321963193183 
0.2326921707044397 0.9458543536929107 
0.06726317987978866 0.9954757037411679 
0.10623487558406498 0.9887141512096419 
0.5837189333543288 0.6592722068437142 
0.6911061161837276 0.5223723392926695 
0.28003438288755356 0.9215807446603026 
0.2194726539731442 0.9518317541593138 
0.07995022525775031 0.9936079614812665 
0.5837189333543288 0.6592722068437142 
0.9036229630395345 0.18346594184917267 
0.8615706737465165 0.25769618196368804 
0.6119919201260523 0.6254658897675499 
0.3177093050270154 0.899060797499288 
0.4261560808961382 0.8183909947160386 
0.9510254692504998 0.09555055683699054 
0.7431145886474931 0.4477807081393165 
0.37968033730228956 0.855843029428668 
0.7456591944935335 0.44399236566730255 
0.9206229861065659 0.15250870479195117 
0.2783537560387296 0.9225191864994302 
0.6029042217533667 0.6365064993920024 
0.36327964786893563 0.8680280584076694 
0.6062148240068883 0.6325035871543822 
0.8886739259208651 0.2102586533887269 
0.8786154466207693 0.22803646334396865 
0.805981295676984 0.3503941510306761 
0.04091163050221036 0.998326238489685 
0.5962913811499366 0.6444365887663642 
0.8078184171593853 0.34742940489822755 
0.8915310336456918 0.20517241604676406 
0.8651553647220318 0.2515061948930656 
0.6141386851455068 0.6228336754077924 
0.7221226942220369 0.47853881458808495 
0.6980384184820877 0.5127423663230516 
0.9476514797506055 0.10195667292655361 
0.6379244127587436 0.5930524436288757 
0.8142707879644433 0.3369630838678884 
0.9770215223030885 0.04542894495664106 
0.42730318556479446 0.8174123516636432 
0.5634538038372167 0.6825198109415331 
0.26687611256413596 0.9287771405446317 
0.5061623122805804 0.7437997136268387 
0.4720540026009983 0.777165018629384 
0.24114091496751355 0.9420282542572265 
0.8546697789032356 0.26953956903071163 
0.3349795173856044 0.8877887229321468 
0.9061452567841028 0.17890077361087459 
0.030411281727580897 0.9990751539437022 
0.09146692611672891 0.9916338014420661 
0.9934127731851224 0.013148467788368139 
0.884960981374477 0.21684406144478705 
0.7273845153736954 0.470911766794602 
0.06233738208766365 0.9961262510250233 
0.9998355979861835 3.287770028908962E-4 
0.9088431712718943 0.17400409777048076 
0.3612230891972116 0.8695178798318972 
0.8682489516786651 0.24615585896225203 
0.16162710883667886 0.9738766776891435 
0.24368995315081549 0.9406152067334039 
0.6080575714892938 0.6302661662069996 
0.021795638113920712 0.9995249501592262 
0.6650499368299588 0.5577085815226129 
0.6707095408526671 0.5501487118092375 
0.39028697883348995 0.8476944241435775 
0.9729220350950984 0.053422713626459076 
0.9989703268298665 0.002059205193439374 
0.8155761597778334 0.3348355276020957 
0.9546482854173778 0.08864665115136901 
0.4861006978193428 0.7637061115796254 
0.7226381624688262 0.4777940861437324 
0.9245366222504108 0.14523203411785163 
0.65236257304125 0.5744230732971564 
0.9291382935364212 0.13670203148589907 
0.7053037794550548 0.5025465786864679 
0.9618565291196312 0.07483205263851368 
0.862298217639448 0.2564417838558877 
0.9529037300276356 0.09197449427098035 
0.35271659300386293 0.8755910050223707 
0.7296343750267085 0.4676336787799707 
0.45842464451440734 0.7902863438493861 
0.6988100683570974 0.5116644888367979 
0.5677128503586863 0.6777021195380892 
0.6729903027977212 0.5470840523405857 
0.4947721928053172 0.755200477226734 
0.7007660496797997 0.5089269436195383 
0.637510571138909 0.5935802716861953 
0.9084070310986485 0.1747966658507967 
0.6700036138922794 0.5510951573970466 
0.1812976379705663 0.9672268513658289 
0.5670074442935459 0.6785028002683028 
0.4534998233533956 0.7943379102185745 
0.8532352431555449 0.2719896200807227 
0.21008258060411716 0.955865309326748 
0.34444103407270105 0.8813603740469597 
0.35432818365528884 0.874451538267556 
0.16896512823723425 0.9714507854400269 
0.6739162257667324 0.5458369206483437 
0.9428355756533277 0.11106107728253838 
0.25658082203269356 0.9341679034305577 
0.8468212299574395 0.28290866344555265 
0.49903400569312883 0.7509650611618944 
0.40365817498770046 0.8370600777656625 
0.02862280099629727 0.9991807352631789 
0.004045455698822753 0.9999836353972354 
0.47924059824320386 0.7703284489956339 
0.9882914181975014 0.023280072722395764 
0.20006545675520077 0.9599738131426531 
0.7750299718250587 0.3993285427729021 
0.23611235632806477 0.9443203403111344 
0.035908090689982075 0.9987106090237915 
0.44317088505810753 0.8035995666369024 
0.7353946976388468 0.45919463873758976 
0.8890325919246698 0.2096210505000957 
0.1967592111914807 0.9612858128113286 
0.8456230906763781 0.2849215885149738 
0.4950922028593273 0.7548837106680455 
0.8142707879644433 0.3369630838678884 
0.33123991603627473 0.8902801181985648 
0.7395930335195741 0.4530021447693574 
0.34288280124359105 0.882431384614572 
0.00887962488302152 0.9999211522634822 
0.7104065708576075 0.4953225040823678 
0.8233401153926732 0.32211105472224993 
0.8799103472827122 0.22577294217556731 
0.9922094116203979 0.015520483494868436 
0.013794273593719153 0.9998097215308603 
0.8553305594861742 0.2684096340091505 
0.3029569742058766 0.9082170717801779 
0.766302085703337 0.41278111344703555 
0.966462555625651 0.06595012967405105 
0.22709570652597072 0.9484275400779486 
0.7450790139942043 0.4448572629058984 
0.766763938719692 0.4120730622886062 
0.32999379580144605 0.8911040947375787 
0.9446612802510455 0.10761506559477808 
0.5075862451187481 0.7423562037928216 
0.8765842333745026 0.23160008180627004 
0.5765189834868569 0.667625861679343 
0.514437497975807 0.735354060677315 
0.11044550863497948 0.9878017896223724 
0.9223326846003621 0.14930241891841287 
0.8287270428172664 0.313211488503391 
0.011584230723486882 0.9998658055986052 
0.008127441372156652 0.9999339446982843 
0.7212626839084855 0.4797801415660325 
0.5068763838856075 0.7430763314591631 
0.998812653201498 0.0023732841675088894 
0.8334292792983978 0.305395638176394 
0.21223560687394344 0.9549560471910961 
0.4832686480865548 0.7664518585950916 
0.6608240646407098 0.5633115555926982 
0.9193746563362366 0.15475024130805923 
0.98980281085471 0.020290395624244836 
0.9575926307541798 0.08301635354453218 
0.9249268844497962 0.14451025842204612 
0.9112880531237446 0.16955408423398358 
0.41274327805043987 0.8296429864242518 
0.7038655388130316 0.5045733032780306 
0.4325220435197137 0.8129246818985957 
0.06391485599437441 0.9959148911905161 
0.8744373246180234 0.23535936531511376 
0.31853869600171325 0.8985330991501722 
0.7059972396306959 0.5015678976470277 
0.8155761597778334 0.3348355276020957 
0.7729774725311794 0.4025058269593906 
0.514976494335195 0.7347992102852622 
0.5670074442935459 0.6785028002683028 
0.9904964873709667 0.0189167085058318 
0.21459841653794307 0.9539475196210613 
0.7714877651882625 0.4048066281648668 
0.5217380176738731 0.7277894621094402 
0.6921908749436212 0.5208717926765988 
0.17614576980237617 0.9689726677807661 
0.7437678310242252 0.44680941353354287 
0.6508281970169316 0.5764226579677546 
0.3336837658731559 0.8886551443927837 
0.30713747483356074 0.9056665715529678 
0.9041596484545094 0.18249533010665195 
0.4525162606667265 0.7952290338322241 
0.5096720942724118 0.7402343563200479 
0.5217380176738731 0.7277894621094402 
0.5769704504335127 0.6671051022853595 
0.7810932199346537 0.38989338242660754 
0.06484769138174346 0.9957947771416138 
0.9617136825766031 0.07570236002527915 
0.8296646090434344 0.31167247729203296 
0.4290613322723556 0.8161525752417778 
0.9740791317003606 0.0511698451859705 
0.7609879964144844 0.4208972693133902 
0.010993398773453816 0.9998800029144452 
0.018218504312070713 0.999668086100677 
0.9408506932853984 0.11479997294501562 
0.5084494425564561 0.7414791643659234 
0.35427728942417996 0.8744876021982798 
0.5035094355755485 0.7464782482868524 
0.8102384220849355 0.3435136993777929 
0.8072978415768812 0.3482701949854221 
0.7615733420862453 0.4200060446236776 
0.06637055284823878 0.995594949716532 
0.4120925788776042 0.8301797064626064 
0.817483091632383 0.33172139489531477 
0.5822682132497221 0.6609637278390811 
0.9386831698839913 0.11887391092794018 
0.8878303414845325 0.2117572850651691 
0.4882707435857877 0.7615916809584456 
0.37534287601166216 0.8591177254304994 
0.15028720060224562 0.9774137589150842 
0.8414377261051705 0.2919825536195227 
0.37818254072789714 0.856977965982682 
0.22522417597720684 0.9492740706354177 
0.6716683872206151 0.5488615776086246 
0.14097019685862672 0.9801274035977059 
0.3612230891972116 0.8695178798318972 
0.9749958460209172 0.04938310169069767 
0.6862618844284878 0.5290446259812439 
0.9460720762274524 0.10494762658276427 
0.8627932447787909 0.25558788823746836 
0.9743526970850377 0.05063682168315473 
0.3996672876836238 0.8402660591559976 
0.6771496293726214 0.5414683794406945 
0.9821629025166909 0.03535603292019715 
0.2693335852991147 0.9274594198661619 
0.045495080403836485 0.997930197659082 
0.4525162606667265 0.7952290338322241 
0.6136505421859139 0.6234330120751778 
0.8652093793198974 0.25141273056741276 
0.7784384197314123 0.3940336266861482 
0.6189999018072677 0.6168391215626688 
0.7708495477631969 0.40579097471334385 
0.7530314596237556 0.4329436208169693 
0.4108647436043296 0.8311901624629718 
0.5356522395972355 0.7130769430025996 
0.2108857419776795 0.9555272038307187 
0.8869089728278612 0.21339247391745683 
0.6409482131083465 0.5891853881132753 
0.9238543912488831 0.14649470527806985 
0.6896291395064165 0.5244116499436926 
0.6857567219338601 0.5297377183226205 
0.40906357219558687 0.8326669939848529 
0.6327392626552696 0.5996410254954095 
0.7601890050179619 0.42211267665020613 
0.7897416380057637 0.3763081452007604 
0.6534307319789806 0.5730282785054577 
0.2282457927135135 0.9479038598300068 
0.5822682132497221 0.6609637278390811 
0.9574301560503637 0.08332750204330441 
0.9967403636939232 0.006509436268791342 
0.9235975687181565 0.14696753106147953 
0.3996672876836238 0.8402660591559976 
0.9476514797506055 0.10195667292655361 
0.991865670271741 0.016202492136476773 
0.8132765052039568 0.3385813260833148 
0.6870038015818839 0.5280257766168213 
0.7424785200681514 0.44872564748647553 
0.7413808926828287 0.45035437196489975 
0.9553802012420354 0.08724911045707122 
0.6721565345149403 0.5482055931088838 
0.5765189834868569 0.667625861679343 
0.3432946471531124 0.8821487852360471 
0.5135574177151131 0.7362587787098122 
0.5335412628650091 0.7153337209745666 
0.9137177377591135 0.16511989635458202 
0.6619233678086943 0.5618574551497029 
0.40977091964592505 0.8320877934125689 
0.22904494491389105 0.9475384132098673 
0.1953790915956321 0.9618270107230051 
0.48465068176220655 0.7652415309128329 
0.4835842082121604 0.7661463137918488 
0.20491282145079912 0.9580107356051294 
0.7721993359302137 0.4037081859096224 
0.3336837658731559 0.8886551443927837 
0.4553708573593579 0.7926373822684768 
0.31435250981727064 0.9011824995716428 
0.23762938551665552 0.943532275139599 
0.058948821358811354 0.9965250364604827 
0.01678628113662961 0.9997182207656251 
0.6483786886617955 0.5796050761072788 
0.06923727015500147 0.9952062004215153 
0.7498881427114396 0.437718885325532 
0.36438577618069434 0.8672230061172341 
0.661188662320135 0.5628295528310558 
0.7201746173592378 0.48134852156150143 
0.2902220939566116 0.915771136179491 
0.6065526436708599 0.6320938904559403 
0.07341892949310352 0.994609660792207 
0.20440330591242023 0.9582192888882154 
0.9387564360280181 0.11873635816756607 
0.10046141469269959 0.9899075041579618 
0.0789347259823241 0.993769309034126 
0.8337664344678886 0.3048335327547402 
0.8770760970038736 0.23073752120277116 
0.9367305404030803 0.12253589467622379 
0.1802091731388133 0.9675246541984664 
0.8799702030526233 0.22565244173957147 
0.4182297969243821 0.8250838369653407 
0.684302328899064 0.5317303226633446 
0.8067693858289035 0.3491231580894981 
0.2220809406199488 0.9506800558133883 
0.7108155174127037 0.49474130050348974 
0.38325660350229196 0.8531143759048924 
0.8936157859164925 0.20145082716371923 
0.7201746173592378 0.48134852156150143 
0.4331993573885197 0.8123383169046332 
0.8390649436076367 0.29597002041114334 
0.38915626130791087 0.848557404284875 
0.2982654192717785 0.9110377400375799 
0.5179489948982154 0.7317288386840531 
0.8404843422387229 0.29358607047397256 
0.7474190961308994 0.44136469473915896 
0.6808195353879228 0.5364847602349115 
0.3194441386452928 0.8979554422855345 
0.8849210788092606 0.21691468432291175 
0.7906978957705952 0.37479683762401567 
0.9071952121760745 0.17699684700890536 
0.11686279148896267 0.9863430879921554 
0.9907523735019514 0.018409734403217845 
0.6528090963020728 0.5738402837853229 
0.6278390282385685 0.605906775524967 
0.07180855242552531 0.9948435317986561 
0.7962861264409254 0.36592840483834627 
0.38000346343686875 0.8555973677759872 
0.09297155789536038 0.991356289422565 
0.9794051668520691 0.04076551914936586 
0.0157335800605397 0.9997524544584955 
0.7978098879396373 0.3634993827058068 
0.15891272045142865 0.974746747279046 
0.5098275008018859 0.7400759194580627 
0.7474190961308994 0.44136469473915896 
0.8868650935086929 0.2134703059161973 
0.9121657039176665 0.16795372859641808 
0.9378070797442517 0.12051788118171779 
0.3707675047015582 0.8625314574574291 
0.8674361682030641 0.2475544947103739 
0.7861676936980395 0.3819555387471553 
0.7117391979490632 0.493427315790075 
0.9286587440021719 0.13759293732733877 
0.9509445257136574 0.09570450901535989 
0.17912412673573752 0.9679145472211842 
0.27014014231112915 0.9270243049420318 
0.8449498721074267 0.286059713627158 
0.7523217887829937 0.43416799456538474 
0.7570034826231237 0.4269457273107658 
0.1521961004171289 0.9768363470199639 
0.7893955988933342 0.3768545884478995 
0.9801994399101753 0.0392094165873772 
0.657356843879249 0.5678819798168594 
0.7420528267749692 0.44935760252256124 
0.7977645869641811 0.36357166537069063 
0.9121657039176665 0.16795372859641808 
0.29733165531191547 0.911593886749498 
0.5482276124174872 0.6994464867230775 
0.7257484227952379 0.47328922681087204 
0.942440599322712 0.11180571677175824 
0.4804415509314237 0.7691759650653734 
0.36476580092978145 0.8669602040541514 
0.48465068176220655 0.7652415309128329 
0.4154839851733554 0.8273730580664252 
0.44142781252612434 0.8051414863286025 
0.47981635429698033 0.7697762665697176 
0.9798042094396947 0.03998371117289779 
0.8205309091007955 0.3267290784114406 
0.5493942171932511 0.6981659941170807 
0.9842054346300706 0.03133966244507088 
0.8878927875416813 0.211646398067967 
0.7843637832620454 0.3847734555125089 
0.9974281928172001 0.005137000173669016 
0.050984778138053244 0.9974005524001163 
0.7867544096625194 0.38101749887662234 
0.7742140181338867 0.40059265412506345 
0.9835847267588127 0.032561085296340095 
0.4632205055025405 0.7854268967165372 
0.4047193982377442 0.8362022086903911 
0.8720639563313287 0.23950445606778598 
0.29477895766371254 0.9131053661777583 
0.9378070797442517 0.12051788118171779 
0.6029024067101568 0.6365086879912814 
0.8536753631729299 0.2712383743118322 
0.7904284988489405 0.37522278843997986 
0.4295564535385997 0.8154812532233784 
0.29341689552262973 0.913906525423615 
0.9215589943548905 0.15072902097585641 
0.7543361916244719 0.43097691000589144 
0.23639021539418137 0.9441196660659306 
0.551964471380525 0.6958662993551203 
0.3515320951011141 0.8764251861138722 
0.6832956503872346 0.5331070541619346 
0.6481023571673348 0.5799633346369859 
0.9729220350950984 0.053422713626459076 
0.9370406125673598 0.12195489039946869 
0.1282681407451417 0.9835472840698231 
0.47469295810457157 0.7746868692377739 
0.9255354929254532 0.14338405133948542 
0.6314890629017275 0.6012215661534005 
0.3622450049378385 0.8687785564159085 
0.5273621756441997 0.7218891356998756 
0.9634107356065786 0.0718397546227405 
0.23952386925776994 0.9426283160573534 
0.9453693077324963 0.10627687199744078 
0.9855752735898281 0.02864138008840411 
0.9077718791242396 0.1759502155077962 
0.817551709084594 0.331609202986916 
0.8632903268051433 0.2547298116447421 
0.1824199446552865 0.9667229638706639 
0.6950726019253632 0.5168740780546877 
0.41124441218152546 0.8308780510052755 
0.4252067896499323 0.8191991860356934 
0.18781815655668038 0.9647243400716844 
0.19078099132546278 0.9636026133489154 
0.3888705027835233 0.8487797327551412 
0.3450703558148095 0.8809264495405659 
0.8010166586685442 0.35837307392657186 
0.7323916151873061 0.46360252200335317 
0.5283032421832141 0.7208956842987414 
0.7571486419444552 0.42672593410633786 
0.3720707234637373 0.8615633767411949 
0.4861396920040101 0.763668199858276 
0.5345774840571406 0.7142269135391585 
0.9219119209168702 0.1500784100715187 
0.5419123609337073 0.7063310076513399 
0.4814407343476795 0.7682148193108416 
0.41482660617505857 0.8279189044269335 
0.3289131622342127 0.8918161317120297 
0.3720707234637373 0.8615633767411949 
0.4175952049322637 0.8256142448272236 
0.18323558948018673 0.9664247187478776 
0.5426352708560837 0.705547248702832 
0.6777975658304134 0.5407275647063122 
0.41613102631953464 0.8268351602486746 
0.6780710877250213 0.5402195999914362 
0.9047663761819486 0.18139780453067647 
0.28139553873416123 0.920816550826217 
0.06952060092744272 0.9951668860468602 
0.6873736787554441 0.5275174257547631 
0.2940697962426689 0.9135229549380982 
0.9834184872688632 0.032888078897835654 
0.5169925067572209 0.7327296801145421 
0.8473924441188055 0.2819260456504037 
0.04235043265768468 0.9982185603168997 
0.764738255146684 0.41517540111533224 
0.799153864203297 0.3613612859300565 
0.9325265366860233 0.13039425837652494 
0.4642422388742247 0.7844791451372018 
0.4462129741103257 0.8008939817401407 
0.4630345135927726 0.7855991726375239 
0.5337513190627434 0.7151095294110487 
0.5169925067572209 0.7327296801145421 
0.7399240560250935 0.45251239131538945 
0.839769414409701 0.2947873306256648 
0.8284017256886574 0.3137505808762397 
0.8977576641145998 0.1940311842141646 
0.7118072012627741 0.4933306096188141 
0.1521961004171289 0.9768363470199639 
0.2812053479246683 0.9209235538247099 
0.8500594039697712 0.27739900972261206 
0.7213494160363267 0.4796550199843043 
0.9842054346300706 0.03133966244507088 
0.31356655982786663 0.9016760125577562 
0.8236835182535978 0.32154546176129345 
0.9133396632402182 0.16581065955247867 
0.7444975615863668 0.4457233808301672 
0.18713022074338514 0.9649822804853954 
0.954113269581415 0.08966786880885357 
