25425.658063899977 142637.94173847887 25936.0 
25425.658063899977 142637.94173847887 25936.0 
25425.658063899977 142637.94173847887 25936.0 
25425.658063899977 142637.94173847887 25936.0 
25425.658063899977 142637.94173847887 25936.0 
25425.658063899977 142637.94173847887 25936.0 
25425.658063899977 142637.94173847887 25936.0 
25425.658063899977 142637.94173847887 25936.0 
25425.658063899977 142637.94173847887 25936.0 
25425.658063899977 142637.94173847887 25936.0 
25425.658063899977 142637.94173847887 25936.0 
25425.658063899977 142637.94173847887 25936.0 
25425.658063899977 142637.94173847887 25936.0 
25425.658063899977 142637.94173847887 25936.0 
25425.658063899977 142637.94173847887 25936.0 
25425.658063899977 142637.94173847887 25936.0 
25425.658063899977 142637.94173847887 25936.0 
25425.658063899977 142637.94173847887 25936.0 
25425.658063899977 142637.94173847887 25936.0 
25425.658063899977 142637.94173847887 25936.0 
25425.658063899977 142637.94173847887 25936.0 
25425.658063899977 142637.94173847887 25936.0 
25425.658063899977 142637.94173847887 25936.0 
25425.658063899977 142637.94173847887 25936.0 
25425.658063899977 142637.94173847887 25936.0 
25425.658063899977 142637.94173847887 25936.0 
25425.658063899977 142637.94173847887 25936.0 
25425.658063899977 142637.94173847887 25936.0 
25425.658063899977 142637.94173847887 25936.0 
25425.658063899977 142637.94173847887 25936.0 
25425.658063899977 142637.94173847887 25936.0 
25425.658063899977 142637.94173847887 25936.0 
25425.658063899977 142637.94173847887 25936.0 
25425.658063899977 142637.94173847887 25936.0 
25425.658063899977 142637.94173847887 25936.0 
25425.658063899977 142637.94173847887 25936.0 
25425.658063899977 142637.94173847887 25936.0 
25425.658063899977 142637.94173847887 25936.0 
25425.658063899977 142637.94173847887 25936.0 
25425.658063899977 142637.94173847887 25936.0 
25425.658063899977 142637.94173847887 25936.0 
25425.658063899977 142637.94173847887 25936.0 
25425.658063899977 142637.94173847887 25936.0 
25425.658063899977 142637.94173847887 25936.0 
25425.658063899977 142637.94173847887 25936.0 
25425.658063899977 142637.94173847887 25936.0 
25425.658063899977 142637.94173847887 25936.0 
25425.658063899977 142637.94173847887 25936.0 
25425.658063899977 142637.94173847887 25936.0 
25425.658063899977 142637.94173847887 25936.0 
25425.658063899977 142637.94173847887 25936.0 
25425.658063899977 142637.94173847887 25936.0 
25425.658063899977 142637.94173847887 25936.0 
25425.658063899977 142637.94173847887 25936.0 
25425.658063899977 142637.94173847887 25936.0 
25425.658063899977 142637.94173847887 25936.0 
25425.658063899977 142637.94173847887 25936.0 
25425.658063899977 142637.94173847887 25936.0 
25425.658063899977 142637.94173847887 25936.0 
25425.658063899977 142637.94173847887 25936.0 
25425.658063899977 142637.94173847887 25936.0 
25425.658063899977 142637.94173847887 25936.0 
25425.658063899977 142637.94173847887 25936.0 
25425.658063899977 142637.94173847887 25936.0 
25425.658063899977 142637.94173847887 25936.0 
25425.658063899977 142637.94173847887 25936.0 
25425.658063899977 142637.94173847887 25936.0 
25425.658063899977 142637.94173847887 25936.0 
25425.658063899977 142637.94173847887 25936.0 
25425.658063899977 142637.94173847887 25936.0 
25425.658063899977 142637.94173847887 25936.0 
25425.658063899977 142637.94173847887 25936.0 
25425.658063899977 142637.94173847887 25936.0 
25425.658063899977 142637.94173847887 25936.0 
25425.658063899977 142637.94173847887 25936.0 
25425.658063899977 142637.94173847887 25936.0 
25425.658063899977 142637.94173847887 25936.0 
25425.658063899977 142637.94173847887 25936.0 
25425.658063899977 142637.94173847887 25936.0 
25425.658063899977 142637.94173847887 25936.0 
25425.658063899977 142637.94173847887 25936.0 
25425.658063899977 142637.94173847887 25936.0 
25425.658063899977 142637.94173847887 25936.0 
25425.658063899977 142637.94173847887 25936.0 
25425.658063899977 142637.94173847887 25936.0 
25425.658063899977 142637.94173847887 25936.0 
25425.658063899977 142637.94173847887 25936.0 
25425.658063899977 142637.94173847887 25936.0 
25425.658063899977 142637.94173847887 25936.0 
25425.658063899977 142637.94173847887 25936.0 
25425.658063899977 142637.94173847887 25936.0 
25425.658063899977 142637.94173847887 25936.0 
25425.658063899977 142637.94173847887 25936.0 
25425.658063899977 142637.94173847887 25936.0 
25425.658063899977 142637.94173847887 25936.0 
25425.658063899977 142637.94173847887 25936.0 
25425.658063899977 142637.94173847887 25936.0 
25425.658063899977 142637.94173847887 25936.0 
