36775.608349690614 3014918.878875911 456163.0 
25425.65806389998 1848445.3412455285 637010.0 
25425.65806389998 1848445.3412455285 637010.0 
35300.035776092984 3450372.1212553866 270347.0 
26604.544558711194 2015940.4893871075 558647.0 
25425.658063900046 1855251.390040394 624946.0 
25425.65806389998 1848445.3412455285 637010.0 
25425.65806389998 1848445.3412455285 637010.0 
25425.65806389998 1848445.3412455285 637010.0 
25425.65806389998 1848445.3412455285 637010.0 
25425.65806389998 1848445.3412455285 637010.0 
25425.65806389998 1848445.3412455285 637010.0 
25425.65806389998 1848445.3412455285 637010.0 
25425.65806389998 1848445.3412455285 637010.0 
25425.65806389998 1848445.3412455285 637010.0 
25425.65806389998 1848445.3412455285 637010.0 
25425.65806389998 1848445.3412455285 637010.0 
25425.65806389998 1848445.3412455285 637010.0 
25425.65806389998 1848445.3412455285 637010.0 
25425.65806389998 1848445.3412455285 637010.0 
25425.65806389998 1848445.3412455285 637010.0 
25425.65806389998 1848445.3412455285 637010.0 
25425.65806389998 1848445.3412455285 637010.0 
25425.65806389998 1848445.3412455285 637010.0 
25425.65806389998 1848445.3412455285 637010.0 
25425.65806389998 1848445.3412455285 637010.0 
25425.65806389998 1848445.3412455285 637010.0 
25425.65806389998 1848445.3412455285 637010.0 
25425.65806389998 1848445.3412455285 637010.0 
25425.65806389998 1848445.3412455285 637010.0 
25425.65806389998 1848445.3412455285 637010.0 
25425.65806389998 1848445.3412455285 637010.0 
25425.65806389998 1848445.3412455285 637010.0 
25425.65806389998 1848445.3412455285 637010.0 
25425.65806389998 1848445.3412455285 637010.0 
25425.65806389998 1848445.3412455285 637010.0 
25425.65806389998 1848445.3412455285 637010.0 
25425.65806389998 1848445.3412455285 637010.0 
25425.65806389998 1848445.3412455285 637010.0 
25425.65806389998 1848445.3412455285 637010.0 
25425.65806389998 1848445.3412455285 637010.0 
25425.65806389998 1848445.3412455285 637010.0 
25425.65806389998 1848445.3412455285 637010.0 
25425.65806389998 1848445.3412455285 637010.0 
25425.65806389998 1848445.3412455285 637010.0 
25425.65806389998 1848445.3412455285 637010.0 
25425.65806389998 1848445.3412455285 637010.0 
25425.65806389998 1848445.3412455285 637010.0 
25425.65806389998 1848445.3412455285 637010.0 
25425.65806389998 1848445.3412455285 637010.0 
25425.65806389998 1848445.3412455285 637010.0 
25425.65806389998 1848445.3412455285 637010.0 
25425.65806389998 1848445.3412455285 637010.0 
25425.65806389998 1848445.3412455285 637010.0 
25425.65806389998 1848445.3412455285 637010.0 
25425.65806389998 1848445.3412455285 637010.0 
25425.65806389998 1848445.3412455285 637010.0 
25425.65806389998 1848445.3412455285 637010.0 
25425.65806389998 1848445.3412455285 637010.0 
25425.65806389998 1848445.3412455285 637010.0 
25425.65806389998 1848445.3412455285 637010.0 
25425.65806389998 1848445.3412455285 637010.0 
25425.65806389998 1848445.3412455285 637010.0 
25425.65806389998 1848445.3412455285 637010.0 
25425.65806389998 1848445.3412455285 637010.0 
25425.65806389998 1848445.3412455285 637010.0 
25425.65806389998 1848445.3412455285 637010.0 
25425.65806389998 1848445.3412455285 637010.0 
25425.65806389998 1848445.3412455285 637010.0 
25425.65806389998 1848445.3412455285 637010.0 
25425.65806389998 1848445.3412455285 637010.0 
25425.65806389998 1848445.3412455285 637010.0 
25425.65806389998 1848445.3412455285 637010.0 
25425.65806389998 1848445.3412455285 637010.0 
25425.65806389998 1848445.3412455285 637010.0 
25425.65806389998 1848445.3412455285 637010.0 
25425.65806389998 1848445.3412455285 637010.0 
25425.65806389998 1848445.3412455285 637010.0 
25425.65806389998 1848445.3412455285 637010.0 
25425.65806389998 1848445.3412455285 637010.0 
25425.65806389998 1848445.3412455285 637010.0 
25425.65806389998 1848445.3412455285 637010.0 
25425.65806389998 1848445.3412455285 637010.0 
25425.65806389998 1848445.3412455285 637010.0 
25425.65806389998 1848445.3412455285 637010.0 
25425.65806389998 1848445.3412455285 637010.0 
25425.65806389998 1848445.3412455285 637010.0 
25425.65806389998 1848445.3412455285 637010.0 
25425.65806389998 1848445.3412455285 637010.0 
25425.65806389998 1848445.3412455285 637010.0 
25425.65806389998 1848445.3412455285 637010.0 
25425.65806389998 1848445.3412455285 637010.0 
25425.65806389998 1848445.3412455285 637010.0 
25425.65806389998 1848445.3412455285 637010.0 
25425.65806389998 1848445.3412455285 637010.0 
25425.65806389998 1848445.3412455285 637010.0 
25425.65806389998 1848445.3412455285 637010.0 
25425.65806389998 1848445.3412455285 637010.0 
25425.65806389998 1848445.3412455285 637010.0 
