25770.76553203985 6783457.271236404 563891.0 
26340.48931173966 5514078.35356041 1238720.0 
25425.658063899973 5302012.476065061 1262022.0 
25425.658063899973 5302012.476065061 1262022.0 
25425.658063899973 5302012.476065061 1262022.0 
25425.658063899973 5302012.476065061 1262022.0 
25425.658063899973 5302012.476065061 1262022.0 
25425.658063899973 5302012.476065061 1262022.0 
25425.658063899973 5302012.476065061 1262022.0 
25425.658063899973 5302012.476065061 1262022.0 
25425.658063899973 5302012.476065061 1262022.0 
25425.658063899973 5302012.476065061 1262022.0 
25425.658063899973 5302012.476065061 1262022.0 
25425.658063899973 5302012.476065061 1262022.0 
25425.658063899973 5302012.476065061 1262022.0 
25425.658063899973 5302012.476065061 1262022.0 
25425.658063899973 5302012.476065061 1262022.0 
25425.658063899973 5302012.476065061 1262022.0 
25425.658063899973 5302012.476065061 1262022.0 
25425.658063899973 5302012.476065061 1262022.0 
25425.658063899973 5302012.476065061 1262022.0 
25425.658063899973 5302012.476065061 1262022.0 
25425.658063899973 5302012.476065061 1262022.0 
25425.658063899973 5302012.476065061 1262022.0 
25425.658063899973 5302012.476065061 1262022.0 
25425.658063899973 5302012.476065061 1262022.0 
25425.658063899973 5302012.476065061 1262022.0 
25425.658063899973 5302012.476065061 1262022.0 
25425.658063899973 5302012.476065061 1262022.0 
25425.658063899973 5302012.476065061 1262022.0 
25425.658063899973 5302012.476065061 1262022.0 
25425.658063899973 5302012.476065061 1262022.0 
25425.658063899973 5302012.476065061 1262022.0 
25425.658063899973 5302012.476065061 1262022.0 
25425.658063899973 5302012.476065061 1262022.0 
25425.658063899973 5302012.476065061 1262022.0 
25425.658063899973 5302012.476065061 1262022.0 
25425.658063899973 5302012.476065061 1262022.0 
25425.658063899973 5302012.476065061 1262022.0 
25425.658063899973 5302012.476065061 1262022.0 
25425.658063899973 5302012.476065061 1262022.0 
25425.658063899973 5302012.476065061 1262022.0 
25425.658063899973 5302012.476065061 1262022.0 
25425.658063899973 5302012.476065061 1262022.0 
25425.658063899973 5302012.476065061 1262022.0 
25425.658063899973 5302012.476065061 1262022.0 
25425.658063899973 5302012.476065061 1262022.0 
25425.658063899973 5302012.476065061 1262022.0 
25425.658063899973 5302012.476065061 1262022.0 
25425.658063899973 5302012.476065061 1262022.0 
25425.658063899973 5302012.476065061 1262022.0 
25425.658063899973 5302012.476065061 1262022.0 
25425.658063899973 5302012.476065061 1262022.0 
25425.658063899973 5302012.476065061 1262022.0 
25425.658063899973 5302012.476065061 1262022.0 
25425.658063899973 5302012.476065061 1262022.0 
25425.658063899973 5302012.476065061 1262022.0 
25425.658063899973 5302012.476065061 1262022.0 
25425.658063899973 5302012.476065061 1262022.0 
25425.658063899973 5302012.476065061 1262022.0 
25425.658063899973 5302012.476065061 1262022.0 
25425.658063899973 5302012.476065061 1262022.0 
25425.658063899973 5302012.476065061 1262022.0 
25425.658063899973 5302012.476065061 1262022.0 
25425.658063899973 5302012.476065061 1262022.0 
25425.658063899973 5302012.476065061 1262022.0 
25425.658063899973 5302012.476065061 1262022.0 
25425.658063899973 5302012.476065061 1262022.0 
25425.658063899973 5302012.476065061 1262022.0 
25425.658063899973 5302012.476065061 1262022.0 
25425.658063899973 5302012.476065061 1262022.0 
25425.658063899973 5302012.476065061 1262022.0 
25425.658063899973 5302012.476065061 1262022.0 
25425.658063899973 5302012.476065061 1262022.0 
25425.658063899973 5302012.476065061 1262022.0 
25425.658063899973 5302012.476065061 1262022.0 
25425.658063899973 5302012.476065061 1262022.0 
25425.658063899973 5302012.476065061 1262022.0 
25425.658063899973 5302012.476065061 1262022.0 
25425.658063899973 5302012.476065061 1262022.0 
25425.658063899973 5302012.476065061 1262022.0 
25425.658063899973 5302012.476065061 1262022.0 
25425.658063899973 5302012.476065061 1262022.0 
25425.658063899973 5302012.476065061 1262022.0 
25425.658063899973 5302012.476065061 1262022.0 
25425.658063899973 5302012.476065061 1262022.0 
25425.658063899973 5302012.476065061 1262022.0 
25425.658063899973 5302012.476065061 1262022.0 
25425.658063899973 5302012.476065061 1262022.0 
25425.658063899973 5302012.476065061 1262022.0 
25425.658063899973 5302012.476065061 1262022.0 
25425.658063899973 5302012.476065061 1262022.0 
25425.658063899973 5302012.476065061 1262022.0 
25425.658063899973 5302012.476065061 1262022.0 
25425.658063899973 5302012.476065061 1262022.0 
25425.658063899973 5302012.476065061 1262022.0 
25425.658063899973 5302012.476065061 1262022.0 
25425.658063899973 5302012.476065061 1262022.0 
25425.658063899973 5302012.476065061 1262022.0 
25425.658063899973 5302012.476065061 1262022.0 
