25425.658063899973 142637.94173847887 25936.0 
25425.658063899973 142637.94173847887 25936.0 
25425.658063899973 142637.94173847887 25936.0 
25425.658063899973 142637.94173847887 25936.0 
25425.658063899973 142637.94173847887 25936.0 
25425.658063899973 142637.94173847887 25936.0 
25425.658063899973 142637.94173847887 25936.0 
25425.658063899973 142637.94173847887 25936.0 
25425.658063899973 142637.94173847887 25936.0 
25425.658063899973 142637.94173847887 25936.0 
25425.658063899973 142637.94173847887 25936.0 
25425.658063899973 142637.94173847887 25936.0 
25425.658063899973 142637.94173847887 25936.0 
25425.658063899973 142637.94173847887 25936.0 
25425.658063899973 142637.94173847887 25936.0 
25425.658063899973 142637.94173847887 25936.0 
25425.658063899973 142637.94173847887 25936.0 
25425.658063899973 142637.94173847887 25936.0 
25425.658063899973 142637.94173847887 25936.0 
25425.658063899973 142637.94173847887 25936.0 
25425.658063899973 142637.94173847887 25936.0 
25425.658063899973 142637.94173847887 25936.0 
25425.658063899973 142637.94173847887 25936.0 
25425.658063899973 142637.94173847887 25936.0 
25425.658063899973 142637.94173847887 25936.0 
25425.658063899973 142637.94173847887 25936.0 
25425.658063899973 142637.94173847887 25936.0 
25425.658063899973 142637.94173847887 25936.0 
25425.658063899973 142637.94173847887 25936.0 
25425.658063899973 142637.94173847887 25936.0 
25425.658063899973 142637.94173847887 25936.0 
25425.658063899973 142637.94173847887 25936.0 
25425.658063899973 142637.94173847887 25936.0 
25425.658063899973 142637.94173847887 25936.0 
25425.658063899973 142637.94173847887 25936.0 
25425.658063899973 142637.94173847887 25936.0 
25425.658063899973 142637.94173847887 25936.0 
25425.658063899973 142637.94173847887 25936.0 
25425.658063899973 142637.94173847887 25936.0 
25425.658063899973 142637.94173847887 25936.0 
25425.658063899973 142637.94173847887 25936.0 
25425.658063899973 142637.94173847887 25936.0 
25425.658063899973 142637.94173847887 25936.0 
25425.658063899973 142637.94173847887 25936.0 
25425.658063899973 142637.94173847887 25936.0 
25425.658063899973 142637.94173847887 25936.0 
25425.658063899973 142637.94173847887 25936.0 
25425.658063899973 142637.94173847887 25936.0 
25425.658063899973 142637.94173847887 25936.0 
25425.658063899973 142637.94173847887 25936.0 
25425.658063899973 142637.94173847887 25936.0 
25425.658063899973 142637.94173847887 25936.0 
25425.658063899973 142637.94173847887 25936.0 
25425.658063899973 142637.94173847887 25936.0 
25425.658063899973 142637.94173847887 25936.0 
25425.658063899973 142637.94173847887 25936.0 
25425.658063899973 142637.94173847887 25936.0 
25425.658063899973 142637.94173847887 25936.0 
25425.658063899973 142637.94173847887 25936.0 
25425.658063899973 142637.94173847887 25936.0 
25425.658063899973 142637.94173847887 25936.0 
25425.658063899973 142637.94173847887 25936.0 
25425.658063899973 142637.94173847887 25936.0 
25425.658063899973 142637.94173847887 25936.0 
25425.658063899973 142637.94173847887 25936.0 
25425.658063899973 142637.94173847887 25936.0 
25425.658063899973 142637.94173847887 25936.0 
25425.658063899973 142637.94173847887 25936.0 
25425.658063899973 142637.94173847887 25936.0 
25425.658063899973 142637.94173847887 25936.0 
25425.658063899973 142637.94173847887 25936.0 
25425.658063899973 142637.94173847887 25936.0 
25425.658063899973 142637.94173847887 25936.0 
25425.658063899973 142637.94173847887 25936.0 
25425.658063899973 142637.94173847887 25936.0 
25425.658063899973 142637.94173847887 25936.0 
25425.658063899973 142637.94173847887 25936.0 
25425.658063899973 142637.94173847887 25936.0 
25425.658063899973 142637.94173847887 25936.0 
25425.658063899973 142637.94173847887 25936.0 
25425.658063899973 142637.94173847887 25936.0 
25425.658063899973 142637.94173847887 25936.0 
25425.658063899973 142637.94173847887 25936.0 
25425.658063899973 142637.94173847887 25936.0 
25425.658063899973 142637.94173847887 25936.0 
25425.658063899973 142637.94173847887 25936.0 
25425.658063899973 142637.94173847887 25936.0 
25425.658063899973 142637.94173847887 25936.0 
25425.658063899973 142637.94173847887 25936.0 
25425.658063899973 142637.94173847887 25936.0 
25425.658063899973 142637.94173847887 25936.0 
25425.658063899973 142637.94173847887 25936.0 
25425.658063899973 142637.94173847887 25936.0 
25425.658063899973 142637.94173847887 25936.0 
25425.658063899973 142637.94173847887 25936.0 
25425.658063899973 142637.94173847887 25936.0 
25425.658063899973 142637.94173847887 25936.0 
