35379.52684018269 5697564.256475149 -89259.0 
25579.169340047807 1859605.6110214756 637010.0 
25579.169340047807 1859605.6110214756 637010.0 
32970.39782239749 3222473.3083824418 267255.0 
27120.333338481352 2177441.461331676 466172.0 
29102.559882427453 2150602.8958020736 596821.0 
25579.169340047807 1859605.6110214756 637010.0 
25579.169340047807 1859605.6110214756 637010.0 
25579.169340047807 1859605.6110214756 637010.0 
25579.169340047807 1859605.6110214756 637010.0 
25579.169340047807 1859605.6110214756 637010.0 
25579.169340047807 1859605.6110214756 637010.0 
25579.169340047807 1859605.6110214756 637010.0 
25579.169340047807 1859605.6110214756 637010.0 
25579.169340047807 1859605.6110214756 637010.0 
25579.169340047807 1859605.6110214756 637010.0 
25579.169340047807 1859605.6110214756 637010.0 
25579.169340047807 1859605.6110214756 637010.0 
25579.169340047807 1859605.6110214756 637010.0 
25579.169340047807 1859605.6110214756 637010.0 
25579.169340047807 1859605.6110214756 637010.0 
25579.169340047807 1859605.6110214756 637010.0 
25579.169340047807 1859605.6110214756 637010.0 
25579.169340047807 1859605.6110214756 637010.0 
25579.169340047807 1859605.6110214756 637010.0 
25579.169340047807 1859605.6110214756 637010.0 
25579.169340047807 1859605.6110214756 637010.0 
25579.169340047807 1859605.6110214756 637010.0 
25579.169340047807 1859605.6110214756 637010.0 
25579.169340047807 1859605.6110214756 637010.0 
25579.169340047807 1859605.6110214756 637010.0 
25579.169340047807 1859605.6110214756 637010.0 
25579.169340047807 1859605.6110214756 637010.0 
25579.169340047807 1859605.6110214756 637010.0 
25579.169340047807 1859605.6110214756 637010.0 
25579.169340047807 1859605.6110214756 637010.0 
25579.169340047807 1859605.6110214756 637010.0 
25579.169340047807 1859605.6110214756 637010.0 
25579.169340047807 1859605.6110214756 637010.0 
25579.169340047807 1859605.6110214756 637010.0 
25579.169340047807 1859605.6110214756 637010.0 
25579.169340047807 1859605.6110214756 637010.0 
25579.169340047807 1859605.6110214756 637010.0 
25579.169340047807 1859605.6110214756 637010.0 
25579.169340047807 1859605.6110214756 637010.0 
25579.169340047807 1859605.6110214756 637010.0 
25579.169340047807 1859605.6110214756 637010.0 
25579.169340047807 1859605.6110214756 637010.0 
25579.169340047807 1859605.6110214756 637010.0 
25579.169340047807 1859605.6110214756 637010.0 
25579.169340047807 1859605.6110214756 637010.0 
25579.169340047807 1859605.6110214756 637010.0 
25579.169340047807 1859605.6110214756 637010.0 
25579.169340047807 1859605.6110214756 637010.0 
25579.169340047807 1859605.6110214756 637010.0 
25579.169340047807 1859605.6110214756 637010.0 
25579.169340047807 1859605.6110214756 637010.0 
25579.169340047807 1859605.6110214756 637010.0 
25579.169340047807 1859605.6110214756 637010.0 
25579.169340047807 1859605.6110214756 637010.0 
25579.169340047807 1859605.6110214756 637010.0 
25579.169340047807 1859605.6110214756 637010.0 
25579.169340047807 1859605.6110214756 637010.0 
25579.169340047807 1859605.6110214756 637010.0 
25579.169340047807 1859605.6110214756 637010.0 
25579.169340047807 1859605.6110214756 637010.0 
25579.169340047807 1859605.6110214756 637010.0 
25579.169340047807 1859605.6110214756 637010.0 
25579.169340047807 1859605.6110214756 637010.0 
25579.169340047807 1859605.6110214756 637010.0 
25579.169340047807 1859605.6110214756 637010.0 
25579.169340047807 1859605.6110214756 637010.0 
25579.169340047807 1859605.6110214756 637010.0 
25579.169340047807 1859605.6110214756 637010.0 
25579.169340047807 1859605.6110214756 637010.0 
25579.169340047807 1859605.6110214756 637010.0 
25579.169340047807 1859605.6110214756 637010.0 
25579.169340047807 1859605.6110214756 637010.0 
25579.169340047807 1859605.6110214756 637010.0 
25579.169340047807 1859605.6110214756 637010.0 
25579.169340047807 1859605.6110214756 637010.0 
25579.169340047807 1859605.6110214756 637010.0 
25579.169340047807 1859605.6110214756 637010.0 
25579.169340047807 1859605.6110214756 637010.0 
25579.169340047807 1859605.6110214756 637010.0 
25579.169340047807 1859605.6110214756 637010.0 
25579.169340047807 1859605.6110214756 637010.0 
25579.169340047807 1859605.6110214756 637010.0 
25579.169340047807 1859605.6110214756 637010.0 
25579.169340047807 1859605.6110214756 637010.0 
25579.169340047807 1859605.6110214756 637010.0 
25579.169340047807 1859605.6110214756 637010.0 
25579.169340047807 1859605.6110214756 637010.0 
25579.169340047807 1859605.6110214756 637010.0 
25579.169340047807 1859605.6110214756 637010.0 
25579.169340047807 1859605.6110214756 637010.0 
25579.169340047807 1859605.6110214756 637010.0 
25579.169340047807 1859605.6110214756 637010.0 
25579.169340047807 1859605.6110214756 637010.0 
25579.169340047807 1859605.6110214756 637010.0 
