29899.816419980387 147401.0 -25140.467074242646 
25425.658063899973 0.0 25425.658063899973 
25425.658063899973 0.0 25425.658063899973 
25425.658063899973 0.0 25425.658063899973 
25425.658063899973 0.0 25425.658063899973 
25425.658063899973 0.0 25425.658063899973 
25425.658063899973 0.0 25425.658063899973 
25425.658063899973 0.0 25425.658063899973 
25425.658063899973 0.0 25425.658063899973 
25425.658063899973 0.0 25425.658063899973 
25425.658063899973 0.0 25425.658063899973 
25425.658063899973 0.0 25425.658063899973 
25425.658063899973 0.0 25425.658063899973 
25425.658063899973 0.0 25425.658063899973 
25425.658063899973 0.0 25425.658063899973 
25425.658063899973 0.0 25425.658063899973 
25425.658063899973 0.0 25425.658063899973 
25425.658063899973 0.0 25425.658063899973 
25425.658063899973 0.0 25425.658063899973 
25425.658063899973 0.0 25425.658063899973 
25425.658063899973 0.0 25425.658063899973 
25425.658063899973 0.0 25425.658063899973 
25425.658063899973 0.0 25425.658063899973 
25425.658063899973 0.0 25425.658063899973 
25425.658063899973 0.0 25425.658063899973 
25425.658063899973 0.0 25425.658063899973 
25425.658063899973 0.0 25425.658063899973 
25425.658063899973 0.0 25425.658063899973 
25425.658063899973 0.0 25425.658063899973 
25425.658063899973 0.0 25425.658063899973 
25425.658063899973 0.0 25425.658063899973 
25425.658063899973 0.0 25425.658063899973 
25425.658063899973 0.0 25425.658063899973 
25425.658063899973 0.0 25425.658063899973 
25425.658063899973 0.0 25425.658063899973 
25425.658063899973 0.0 25425.658063899973 
25425.658063899973 0.0 25425.658063899973 
25425.658063899973 0.0 25425.658063899973 
25425.658063899973 0.0 25425.658063899973 
25425.658063899973 0.0 25425.658063899973 
25425.658063899973 0.0 25425.658063899973 
25425.658063899973 0.0 25425.658063899973 
25425.658063899973 0.0 25425.658063899973 
25425.658063899973 0.0 25425.658063899973 
25425.658063899973 0.0 25425.658063899973 
25425.658063899973 0.0 25425.658063899973 
25425.658063899973 0.0 25425.658063899973 
25425.658063899973 0.0 25425.658063899973 
25425.658063899973 0.0 25425.658063899973 
25425.658063899973 0.0 25425.658063899973 
25425.658063899973 0.0 25425.658063899973 
25425.658063899973 0.0 25425.658063899973 
25425.658063899973 0.0 25425.658063899973 
25425.658063899973 0.0 25425.658063899973 
25425.658063899973 0.0 25425.658063899973 
25425.658063899973 0.0 25425.658063899973 
25425.658063899973 0.0 25425.658063899973 
25425.658063899973 0.0 25425.658063899973 
25425.658063899973 0.0 25425.658063899973 
25425.658063899973 0.0 25425.658063899973 
25425.658063899973 0.0 25425.658063899973 
25425.658063899973 0.0 25425.658063899973 
25425.658063899973 0.0 25425.658063899973 
25425.658063899973 0.0 25425.658063899973 
25425.658063899973 0.0 25425.658063899973 
25425.658063899973 0.0 25425.658063899973 
25425.658063899973 0.0 25425.658063899973 
25425.658063899973 0.0 25425.658063899973 
25425.658063899973 0.0 25425.658063899973 
25425.658063899973 0.0 25425.658063899973 
25425.658063899973 0.0 25425.658063899973 
25425.658063899973 0.0 25425.658063899973 
25425.658063899973 0.0 25425.658063899973 
25425.658063899973 0.0 25425.658063899973 
25425.658063899973 0.0 25425.658063899973 
25425.658063899973 0.0 25425.658063899973 
25425.658063899973 0.0 25425.658063899973 
25425.658063899973 0.0 25425.658063899973 
25425.658063899973 0.0 25425.658063899973 
25425.658063899973 0.0 25425.658063899973 
25425.658063899973 0.0 25425.658063899973 
25425.658063899973 0.0 25425.658063899973 
25425.658063899973 0.0 25425.658063899973 
25425.658063899973 0.0 25425.658063899973 
25425.658063899973 0.0 25425.658063899973 
25425.658063899973 0.0 25425.658063899973 
25425.658063899973 0.0 25425.658063899973 
25425.658063899973 0.0 25425.658063899973 
25425.658063899973 0.0 25425.658063899973 
25425.658063899973 0.0 25425.658063899973 
25425.658063899973 0.0 25425.658063899973 
25425.658063899973 0.0 25425.658063899973 
25425.658063899973 0.0 25425.658063899973 
25425.658063899973 0.0 25425.658063899973 
25425.658063899973 0.0 25425.658063899973 
25425.658063899973 0.0 25425.658063899973 
25425.658063899973 0.0 25425.658063899973 
25425.658063899973 0.0 25425.658063899973 
25425.658063899973 0.0 25425.658063899973 
25425.658063899973 0.0 25425.658063899973 
