0.0 2.4614730421018374E-17 0.0 4.810417731474999E-17 0.0 0.0 0.0 1.7454706453507396E-16 4.086391927369391E-17 3.5357481580323776E-17 0.0 2.6054856573687983E-17 1.1053590489358224E-17 2.903641290794564E-17 1.567930433396515E-16 4.5765198725181084E-17 5.739095873302919E-17 0.0 7.072756971554298E-17 0.0 2.0818549974663835E-16 2.5198383768667634E-16 0.0 1.5989274913789003E-16 9.786172797960659E-17 2.3923875530430758E-17 0.0 1.7395166226955844E-16 2.9075809482560924E-17 2.6976614755519497E-17 
1.0 2.4614730421018374E-17 0.0 4.810417731474999E-17 0.0 0.0 0.0 1.7454706453507396E-16 4.086391927369391E-17 3.5357481580323776E-17 0.0 2.6054856573687983E-17 1.1053590489358224E-17 2.903641290794564E-17 1.567930433396515E-16 4.5765198725181084E-17 5.739095873302919E-17 0.0 7.072756971554298E-17 0.0 2.0818549974663835E-16 2.5198383768667634E-16 0.0 1.5989274913789003E-16 9.786172797960659E-17 2.3923875530430758E-17 0.0 1.7395166226955844E-16 2.9075809482560924E-17 2.6976614755519497E-17 
0.0 2.4614730421018374E-17 0.0 4.810417731474999E-17 0.0 0.0 0.0 1.7454706453507396E-16 4.086391927369391E-17 3.5357481580323776E-17 0.0 2.6054856573687983E-17 1.1053590489358224E-17 2.903641290794564E-17 1.567930433396515E-16 4.5765198725181084E-17 5.739095873302919E-17 0.0 7.072756971554298E-17 0.0 2.0818549974663835E-16 2.5198383768667634E-16 0.0 1.5989274913789003E-16 9.786172797960659E-17 2.3923875530430758E-17 0.0 1.7395166226955844E-16 2.9075809482560924E-17 2.6976614755519497E-17 
1.0 2.4614730421018374E-17 0.0 4.810417731474999E-17 0.0 0.0 0.0 1.7454706453507396E-16 4.086391927369391E-17 3.5357481580323776E-17 0.0 2.6054856573687983E-17 1.1053590489358224E-17 2.903641290794564E-17 1.567930433396515E-16 4.5765198725181084E-17 5.739095873302919E-17 0.0 7.072756971554298E-17 0.0 2.0818549974663835E-16 2.5198383768667634E-16 0.0 1.5989274913789003E-16 9.786172797960659E-17 2.3923875530430758E-17 0.0 1.7395166226955844E-16 2.9075809482560924E-17 2.6976614755519497E-17 
0.6183234351535359 2.4614730421018374E-17 0.0 4.810417731474999E-17 0.0 0.0 0.0 1.7454706453507396E-16 4.086391927369391E-17 3.5357481580323776E-17 0.0 2.6054856573687983E-17 1.1053590489358224E-17 2.903641290794564E-17 1.567930433396515E-16 4.5765198725181084E-17 5.739095873302919E-17 0.0 7.072756971554298E-17 0.0 2.0818549974663835E-16 2.5198383768667634E-16 0.03158602170484315 1.5989274913789003E-16 9.786172797960659E-17 2.3923875530430758E-17 0.0 1.7395166226955844E-16 2.9075809482560924E-17 2.6976614755519497E-17 
0.42599551622694376 2.4614730421018374E-17 0.0 4.810417731474999E-17 0.0 0.0 0.0 1.7454706453507396E-16 4.086391927369391E-17 3.5357481580323776E-17 0.0 2.6054856573687983E-17 1.1053590489358224E-17 2.903641290794564E-17 1.567930433396515E-16 4.5765198725181084E-17 5.739095873302919E-17 0.0 7.072756971554298E-17 0.0 2.0818549974663835E-16 2.5198383768667634E-16 0.0 0.0018998130617455845 9.786172797960659E-17 2.3923875530430758E-17 0.0 1.7395166226955844E-16 2.9075809482560924E-17 2.6976614755519497E-17 
0.09283338281650177 2.4614730421018374E-17 0.0 4.810417731474999E-17 0.0 0.0 0.0 1.7454706453507396E-16 4.086391927369391E-17 3.5357481580323776E-17 0.0 2.6054856573687983E-17 1.1053590489358224E-17 2.903641290794564E-17 1.567930433396515E-16 4.5765198725181084E-17 5.739095873302919E-17 0.0 7.072756971554298E-17 0.0 2.0818549974663835E-16 2.5198383768667634E-16 0.0 1.5989274913789003E-16 9.786172797960659E-17 2.3923875530430758E-17 0.0 1.7395166226955844E-16 2.9075809482560924E-17 0.007305727849369919 
0.8109737261470842 2.4614730421018374E-17 0.0 4.810417731474999E-17 0.0 0.0 0.0 1.7454706453507396E-16 4.086391927369391E-17 3.5357481580323776E-17 0.0 2.6054856573687983E-17 1.1053590489358224E-17 2.903641290794564E-17 4.577074087713584E-17 4.5765198725181084E-17 5.739095873302919E-17 0.0 7.072756971554298E-17 0.0 2.0818549974663835E-16 2.5198383768667634E-16 0.0 1.5989274913789003E-16 9.786172797960659E-17 2.3923875530430758E-17 0.0 1.7395166226955844E-16 2.9075809482560924E-17 2.6976614755519497E-17 
0.43263224894748986 2.4614730421018374E-17 0.0 4.810417731474999E-17 0.0 0.0 0.0 1.7454706453507396E-16 4.086391927369391E-17 3.5357481580323776E-17 0.0 2.6054856573687983E-17 1.1053590489358224E-17 2.903641290794564E-17 1.567930433396515E-16 4.5765198725181084E-17 5.739095873302919E-17 0.0 7.072756971554298E-17 0.0025951801543036 2.0818549974663835E-16 1.409615352241607E-16 0.0 0.006280934081847845 9.786172797960659E-17 2.3923875530430758E-17 0.0 1.7395166226955844E-16 2.9075809482560924E-17 2.6976614755519497E-17 
0.9860461440916612 2.4614730421018374E-17 0.0 4.810417731474999E-17 0.0 0.0 0.0 1.7454706453507396E-16 4.086391927369391E-17 3.5357481580323776E-17 0.0 2.6054856573687983E-17 1.1053590489358224E-17 2.903641290794564E-17 1.567930433396515E-16 0.025081037795483586 5.739095873302919E-17 0.0 7.072756971554298E-17 0.0 2.0818549974663835E-16 2.5198383768667634E-16 0.0 1.5989274913789003E-16 9.786172797960659E-17 2.3923875530430758E-17 0.0 1.7395166226955844E-16 2.9075809482560924E-17 2.6976614755519497E-17 
