25425.658063900002 0.0 25425.658063900002 
25425.658063900002 0.0 25425.658063900002 
25425.658063900002 0.0 25425.658063900002 
25425.658063900002 0.0 25425.658063900002 
25425.658063900002 0.0 25425.658063900002 
25425.658063900002 0.0 25425.658063900002 
25425.658063900002 0.0 25425.658063900002 
25425.658063900002 0.0 25425.658063900002 
25425.658063900002 0.0 25425.658063900002 
25425.658063900002 0.0 25425.658063900002 
25425.658063900002 0.0 25425.658063900002 
25425.658063900002 0.0 25425.658063900002 
25425.658063900002 0.0 25425.658063900002 
25425.658063900002 0.0 25425.658063900002 
25425.658063900002 0.0 25425.658063900002 
25425.658063900002 0.0 25425.658063900002 
25425.658063900002 0.0 25425.658063900002 
25425.658063900002 0.0 25425.658063900002 
25425.658063900002 0.0 25425.658063900002 
25425.658063900002 0.0 25425.658063900002 
25425.658063900002 0.0 25425.658063900002 
25425.658063900002 0.0 25425.658063900002 
25425.658063900002 0.0 25425.658063900002 
25425.658063900002 0.0 25425.658063900002 
25425.658063900002 0.0 25425.658063900002 
25425.658063900002 0.0 25425.658063900002 
25425.658063900002 0.0 25425.658063900002 
25425.658063900002 0.0 25425.658063900002 
25425.658063900002 0.0 25425.658063900002 
25425.658063900002 0.0 25425.658063900002 
25425.658063900002 0.0 25425.658063900002 
25425.658063900002 0.0 25425.658063900002 
25425.658063900002 0.0 25425.658063900002 
25425.658063900002 0.0 25425.658063900002 
25425.658063900002 0.0 25425.658063900002 
25425.658063900002 0.0 25425.658063900002 
25425.658063900002 0.0 25425.658063900002 
25425.658063900002 0.0 25425.658063900002 
25425.658063900002 0.0 25425.658063900002 
25425.658063900002 0.0 25425.658063900002 
25425.658063900002 0.0 25425.658063900002 
25425.658063900002 0.0 25425.658063900002 
25425.658063900002 0.0 25425.658063900002 
25425.658063900002 0.0 25425.658063900002 
25425.658063900002 0.0 25425.658063900002 
25425.658063900002 0.0 25425.658063900002 
25425.658063900002 0.0 25425.658063900002 
25425.658063900002 0.0 25425.658063900002 
28088.826529045662 68139.0 -440983.3569104011 
32426.639708655595 38393.0 11500.027950121503 
