32868.34167116167 144901.0 -6389.085308739685 
35526.30530014309 40835.0 -157250.8183715988 
25425.658063899984 0.0 25425.658063899984 
25425.658063899984 0.0 25425.658063899984 
25425.658063899984 0.0 25425.658063899984 
25425.658063899984 0.0 25425.658063899984 
25425.658063899984 0.0 25425.658063899984 
25425.658063899984 0.0 25425.658063899984 
25425.658063899984 0.0 25425.658063899984 
25425.658063899984 0.0 25425.658063899984 
25425.658063899984 0.0 25425.658063899984 
25425.658063899984 0.0 25425.658063899984 
25425.658063899984 0.0 25425.658063899984 
25425.658063899984 0.0 25425.658063899984 
25425.658063899984 0.0 25425.658063899984 
25425.658063899984 0.0 25425.658063899984 
25425.658063899984 0.0 25425.658063899984 
25425.658063899984 0.0 25425.658063899984 
25425.658063899984 0.0 25425.658063899984 
25425.658063899984 0.0 25425.658063899984 
25425.658063899984 0.0 25425.658063899984 
25425.658063899984 0.0 25425.658063899984 
25425.658063899984 0.0 25425.658063899984 
25425.658063899984 0.0 25425.658063899984 
25425.658063899984 0.0 25425.658063899984 
25425.658063899984 0.0 25425.658063899984 
25425.658063899984 0.0 25425.658063899984 
25425.658063899984 0.0 25425.658063899984 
25425.658063899984 0.0 25425.658063899984 
25425.658063899984 0.0 25425.658063899984 
25425.658063899984 0.0 25425.658063899984 
25425.658063899984 0.0 25425.658063899984 
25425.658063899984 0.0 25425.658063899984 
25425.658063899984 0.0 25425.658063899984 
25425.658063899984 0.0 25425.658063899984 
25425.658063899984 0.0 25425.658063899984 
25425.658063899984 0.0 25425.658063899984 
25425.658063899984 0.0 25425.658063899984 
25425.658063899984 0.0 25425.658063899984 
25425.658063899984 0.0 25425.658063899984 
25425.658063899984 0.0 25425.658063899984 
25425.658063899984 0.0 25425.658063899984 
25425.658063899984 0.0 25425.658063899984 
25425.658063899984 0.0 25425.658063899984 
25425.658063899984 0.0 25425.658063899984 
25425.658063899984 0.0 25425.658063899984 
25425.658063899984 0.0 25425.658063899984 
25425.658063899984 0.0 25425.658063899984 
25425.658063899984 0.0 25425.658063899984 
25425.658063899984 0.0 25425.658063899984 
