0.8518328298956999 -0.7733690123261079 
0.0 1.0000000000000002 
0.0 1.0000000000000002 
0.8518328298956999 -0.7733690123261079 
0.8233319457823953 -0.45826634009842593 
0.6183968837586437 -0.12422000375334616 
0.40931382591696747 0.24215906328590342 
0.6525112587737699 -0.4582633256084936 
0.45388368549948904 -0.12421844418201752 
0.25776491729911427 0.24216108633760114 
0.08299961877647091 0.6696523567448444 
0.182229127317208 0.6696501615998055 
0.24941944570359562 0.2512029302020971 
0.6301269804090226 -0.30442483385428015 
0.41316371893162257 0.20119962689330745 
0.19151888674714473 0.6128052051034659 
0.21842378510379917 0.4131619257423817 
0.4376597655466581 -0.06646205947063048 
0.4292521534325866 0.0035974697942314417 
0.8287762586700461 -0.5616463914608769 
0.44386404142754915 -0.09678155514164002 
0.21223164860191823 0.47421059843075825 
0.23323178933394473 0.3155280362700243 
0.8329201400761541 -0.6285078611697219 
0.05454072564187241 0.7124773083152203 
0.20008772916621795 0.5524407996864461 
0.4323936276584427 -0.025483633826237737 
0.627413271134103 -0.2680710041842682 
0.06636712187950156 0.6846000425794433 
0.8258731907162653 -0.4972409014646104 
0.22158404186347103 0.3902925493907855 
0.027077631414416242 0.8209399276365439 
0.621329356946271 -0.17412098797801595 
0.005328178870671718 0.9261179397629772 
0.042426480409545386 0.7533835585739582 
0.2377436984010772 0.29207381323918763 
0.6227978265140068 -0.1975952496693283 
0.41376159596614176 0.1834056839879736 
0.2377436984010772 0.29207381323918763 
0.008252805950296122 0.907054363545289 
0.8366299263443461 -0.6785807350070945 
0.41860929483439946 0.12197373838848047 
0.8385307278640302 -0.700058822041068 
0.6245952088572859 -0.21746373243071473 
0.020451452108344592 0.844760505147823 
0.014099133542291226 0.8752182733089174 
0.824289660671851 -0.4776133957007594 
0.0019995065524235356 0.9556301995542781 
0.206431159143391 0.5042348804368928 
0.011019589451999656 0.8916932574682567 
0.4461821311736629 -0.11063597237860277 
0.18658117098336197 0.6443965157585636 
0.04659606476230299 0.7378137029795606 
0.20819402592472763 0.49082389928414066 
0.42185209275061913 0.0831146998901295 
0.625347888864092 -0.2377721036338622 
0.8304831304771761 -0.5905146968957097 
0.4164883710904794 0.14842222868327484 
0.41578738895355466 0.1573152860815122 
0.8268596557727133 -0.5271240357644453 
0.6480883938428301 -0.4519592669852951 
0.8445826024404277 -0.7513919392981486 
0.6400836442680062 -0.409302515039803 
0.214585375070276 0.4418493499714335 
0.42702962562156843 0.026153197073730344 
0.42615317042836026 0.03514346435005012 
0.22438404263838885 0.3708890286714524 
0.632061456601778 -0.3293429558246334 
0.03783061865011983 0.7704004700776748 
0.21442405626017008 0.44306759936492796 
0.8338630655449035 -0.6421457097495212 
0.0030955467483147897 0.9491424853814867 
0.06475130580822691 0.6876154761351089 
1.6874008416750685E-4 0.9870107678210025 
0.20328433671506158 0.5284825627385286 
0.6437294095723043 -0.4336064555136545 
0.6270438762063826 -0.253962459691557 
0.22768824116788183 0.34887562200100963 
0.030534848614200742 0.8002567069613534 
0.8304831304771761 -0.5905146968957097 
0.6351901975721312 -0.3511926218454763 
0.18352277040207088 0.6627710615919259 
0.6362436140686846 -0.374826173941291 
0.03608099682580446 0.7774454280988113 
0.6430146996451747 -0.4279113261023046 
0.19504431256204177 0.5952429090997243 
0.2036796471136495 0.5252034933348262 
0.42408588562609484 0.057641537004872255 
0.45185789251207614 -0.12328116279571762 
0.8409493460563873 -0.7239961668342217 
0.1971242731943928 0.5738016946627568 
0.6198919406970846 -0.14998932108065222 
0.22575005367076945 0.3615278115842937 
0.6198026919197489 -0.14831459266397487 
0.6326694921286842 -0.33655732763175494 
0.8432292442638751 -0.742467672880785 
0.6380490073654752 -0.3923835385080649 
0.03247636532478981 0.7921099881127565 
0.8272711303187205 -0.5347131210025454 
0.2299474287752623 0.3346799081889933 
