0.8518328298956999 1.0026159331954511E-17 1.317951883218045E-16 1.2411494870663992E-16 1.0582632741767118E-17 2.1371747333494213E-17 3.573212155419236E-19 4.1735756006718786E-17 4.073105565782557E-17 0.0 1.6268709021314708E-16 1.1980785975303315E-16 9.48767571094514E-17 0.0 0.0 4.279599307067791E-17 5.5021479907473306E-17 9.730673804776469E-17 0.0 0.0 6.870148152625992E-17 3.277293737174759E-17 4.9112049619343995E-18 1.4598405203734227E-16 0.0 3.9205701188504235E-17 1.1097105266750408E-16 4.249939608119492E-17 2.569871638270703E-16 0.0 
0.0 1.0026159331954511E-17 2.0772885859288842E-17 1.2411494870663992E-16 1.0582632741767118E-17 2.1371747333494213E-17 3.573212155419236E-19 4.1735756006718786E-17 4.073105565782557E-17 0.0 5.1664787750631425E-17 8.785557290517496E-18 9.48767571094514E-17 0.0 0.0 8.03371909948567E-18 5.5021479907473306E-17 9.730673804776469E-17 0.0 0.0 6.870148152625992E-17 3.277293737174759E-17 4.9112049619343995E-18 1.4598405203734227E-16 0.0 3.9205701188504235E-17 1.1097105266750408E-16 4.249939608119492E-17 3.4942558902039E-17 0.0 
0.0 1.0026159331954511E-17 2.0772885859288842E-17 1.2411494870663992E-16 1.0582632741767118E-17 2.1371747333494213E-17 3.573212155419236E-19 4.1735756006718786E-17 4.073105565782557E-17 0.0 5.1664787750631425E-17 8.785557290517496E-18 9.48767571094514E-17 0.0 0.0 8.03371909948567E-18 5.5021479907473306E-17 9.730673804776469E-17 0.0 0.0 6.870148152625992E-17 3.277293737174759E-17 4.9112049619343995E-18 1.4598405203734227E-16 0.0 3.9205701188504235E-17 1.1097105266750408E-16 4.249939608119492E-17 3.4942558902039E-17 0.0 
0.8518328298956999 1.0026159331954511E-17 1.317951883218045E-16 1.2411494870663992E-16 1.0582632741767118E-17 2.1371747333494213E-17 3.573212155419236E-19 4.1735756006718786E-17 4.073105565782557E-17 0.0 1.6268709021314708E-16 1.1980785975303315E-16 9.48767571094514E-17 0.0 0.0 4.279599307067791E-17 5.5021479907473306E-17 9.730673804776469E-17 0.0 0.0 6.870148152625992E-17 3.277293737174759E-17 4.9112049619343995E-18 1.4598405203734227E-16 0.0 3.9205701188504235E-17 1.1097105266750408E-16 4.249939608119492E-17 2.569871638270703E-16 0.0 
0.8233319457823953 1.0026159331954511E-17 2.0772885859288842E-17 1.2411494870663992E-16 1.0582632741767118E-17 2.1371747333494213E-17 3.573212155419236E-19 4.1735756006718786E-17 4.073105565782557E-17 3.758365749089213E-16 5.1664787750631425E-17 8.785557290517496E-18 9.48767571094514E-17 0.0 2.1070467611033434E-16 8.03371909948567E-18 5.5021479907473306E-17 9.730673804776469E-17 0.0 0.0 6.870148152625992E-17 3.277293737174759E-17 4.9112049619343995E-18 1.4598405203734227E-16 0.0 3.9205701188504235E-17 1.1097105266750408E-16 4.249939608119492E-17 3.4942558902039E-17 0.0 
0.6183968837586437 1.0026159331954511E-17 2.0772885859288842E-17 1.2411494870663992E-16 1.0582632741767118E-17 2.1371747333494213E-17 3.573212155419236E-19 4.1735756006718786E-17 4.073105565782557E-17 0.0 5.1664787750631425E-17 8.785557290517496E-18 9.48767571094514E-17 0.0 0.0 8.03371909948567E-18 5.5021479907473306E-17 9.730673804776469E-17 0.0 0.0 6.870148152625992E-17 3.277293737174759E-17 4.9112049619343995E-18 1.4598405203734227E-16 0.0 3.9205701188504235E-17 1.1097105266750408E-16 4.249939608119492E-17 3.4942558902039E-17 0.0 
0.40931382591696747 1.0026159331954511E-17 2.0772885859288842E-17 1.2411494870663992E-16 1.0582632741767118E-17 2.1371747333494213E-17 3.573212155419236E-19 4.1735756006718786E-17 4.073105565782557E-17 0.0 5.1664787750631425E-17 8.785557290517496E-18 9.48767571094514E-17 0.0 0.0 8.03371909948567E-18 5.5021479907473306E-17 9.730673804776469E-17 0.0 0.0 6.870148152625992E-17 3.277293737174759E-17 4.9112049619343995E-18 1.4598405203734227E-16 0.0 3.9205701188504235E-17 1.1097105266750408E-16 4.249939608119492E-17 3.4942558902039E-17 0.0 
0.6525112587737699 1.0026159331954511E-17 2.0772885859288842E-17 1.2411494870663992E-16 1.0582632741767118E-17 2.1371747333494213E-17 3.573212155419236E-19 4.1735756006718786E-17 4.073105565782557E-17 0.0 5.1664787750631425E-17 8.785557290517496E-18 9.48767571094514E-17 0.0 0.0 8.03371909948567E-18 5.5021479907473306E-17 9.730673804776469E-17 0.0 0.0 6.870148152625992E-17 3.277293737174759E-17 4.9112049619343995E-18 1.4598405203734227E-16 0.0 3.9205701188504235E-17 1.1097105266750408E-16 4.249939608119492E-17 3.4942558902039E-17 0.0 
0.45388368549948904 1.0026159331954511E-17 2.0772885859288842E-17 1.2411494870663992E-16 1.0582632741767118E-17 2.1371747333494213E-17 3.573212155419236E-19 4.1735756006718786E-17 4.073105565782557E-17 0.0 5.1664787750631425E-17 8.785557290517496E-18 9.48767571094514E-17 0.0 0.0 8.03371909948567E-18 5.5021479907473306E-17 9.730673804776469E-17 0.0 0.0 6.870148152625992E-17 3.277293737174759E-17 4.9112049619343995E-18 1.4598405203734227E-16 0.0 3.9205701188504235E-17 0.0 4.249939608119492E-17 3.4942558902039E-17 0.0 
0.25776491729911427 1.0026159331954511E-17 2.0772885859288842E-17 1.2411494870663992E-16 1.0582632741767118E-17 2.1371747333494213E-17 3.573212155419236E-19 4.1735756006718786E-17 4.073105565782557E-17 0.0 5.1664787750631425E-17 8.785557290517496E-18 9.48767571094514E-17 0.0 0.0 8.03371909948567E-18 5.5021479907473306E-17 9.730673804776469E-17 0.0 0.0 6.870148152625992E-17 3.277293737174759E-17 4.9112049619343995E-18 1.4598405203734227E-16 0.0 3.9205701188504235E-17 1.1097105266750408E-16 4.249939608119492E-17 3.4942558902039E-17 0.0 
0.08299961877647091 1.0026159331954511E-17 2.0772885859288842E-17 1.2411494870663992E-16 1.0582632741767118E-17 2.1371747333494213E-17 3.573212155419236E-19 4.1735756006718786E-17 4.073105565782557E-17 0.0 5.1664787750631425E-17 8.785557290517496E-18 9.48767571094514E-17 0.0 0.0 8.03371909948567E-18 5.5021479907473306E-17 9.730673804776469E-17 0.0 0.0 6.870148152625992E-17 3.277293737174759E-17 4.9112049619343995E-18 1.4598405203734227E-16 0.0 3.9205701188504235E-17 1.1097105266750408E-16 4.249939608119492E-17 3.4942558902039E-17 0.0 
0.182229127317208 1.0026159331954511E-17 2.0772885859288842E-17 1.2411494870663992E-16 1.0582632741767118E-17 2.1371747333494213E-17 3.573212155419236E-19 4.1735756006718786E-17 4.073105565782557E-17 0.0 5.1664787750631425E-17 8.785557290517496E-18 9.48767571094514E-17 0.0 0.0 8.03371909948567E-18 5.5021479907473306E-17 9.730673804776469E-17 0.0 0.0 6.870148152625992E-17 3.277293737174759E-17 4.9112049619343995E-18 1.4598405203734227E-16 0.0 3.9205701188504235E-17 1.1097105266750408E-16 4.249939608119492E-17 3.4942558902039E-17 0.0 
0.24941944570359562 2.4296081077586174E-15 5.089664906412854E-16 1.2411494870663992E-16 1.0582632741767118E-17 2.1371747333494213E-17 3.573212155419236E-19 1.1532839907641322E-15 4.073105565782557E-17 0.0 1.6268709021314708E-16 8.785557290517496E-18 9.48767571094514E-17 5.24709304727088E-17 3.5652524601966035E-9 1.7938983141861584E-11 5.5021479907473306E-17 9.730673804776469E-17 0.0 0.0 6.870148152625992E-17 3.277293737174759E-17 4.669602564262447E-16 3.496174957482661E-17 0.0 3.9205701188504235E-17 1.1094302260362212E-15 2.889175035502809E-15 3.4942558902039E-17 2.4599002058515792E-12 
0.6301269804090226 1.2251012592903236E-11 2.040774614187811E-14 4.63134146854088E-13 1.278749625395602E-7 7.8056321875976E-11 0.0012814491475736899 8.05415341117384E-12 4.631719624194505E-7 0.0 5.1664787750631425E-17 8.115340820378271E-4 1.3462548551369572E-13 3.305200516056912E-8 1.1328389750930611E-12 3.6356688938353757E-13 6.799926940910955E-8 0.0013114460469418922 1.1049175721673285E-15 4.0457354083481735E-13 6.870148152625992E-17 3.953635189886172E-15 4.951203290437481E-10 7.738102209450286E-13 8.094744702326068E-16 6.22524254659102E-15 1.3050195907413132E-10 4.287276006875752E-12 2.263242325943646E-14 4.966057618166963E-13 
0.41316371893162257 1.0210148000131404E-8 1.626629796586713E-12 4.648478400949126E-8 3.4011981689416235E-11 8.639334488686879E-7 7.978632413410703E-12 5.034424299079386E-9 0.028837476042217897 0.0010711411890023254 8.99639297297981E-12 1.434085303048832E-6 0.017165736915912316 3.657720206088281E-11 1.1893419435718675E-5 2.0263100402117E-8 1.5531224907036263E-6 3.7176089003290903E-4 1.2482016456429507E-14 3.8284381263474097E-13 3.24067673181787E-16 1.623778441580287E-8 4.569807144593928E-11 4.913854716752419E-10 0.0 5.535465979462668E-14 3.3104453523232204E-12 5.36105270936195E-9 3.4942558902039E-17 7.740366904471517E-13 
0.19151888674714473 1.637606085048734E-11 2.1585602292804664E-13 4.97229914481036E-13 6.431668760938481E-10 6.942696255561453E-12 1.5137015937962152E-10 5.1444600109257736E-12 1.4437542017039702E-8 6.491940025570728E-16 3.60325779195265E-7 7.524300446897645E-11 9.48767571094514E-17 1.24557525273509E-6 4.792856732121436E-8 1.2213705886648012E-10 1.0290907647302064E-10 5.238604751768805E-8 0.0 8.322917935160494E-12 6.870148152625992E-17 5.435321763041139E-10 2.7820029133153848E-6 4.783562064743565E-12 3.714965695483547E-17 1.2114912895545555E-13 6.136252982124841E-12 2.3788041886620525E-5 2.8923864265978216E-11 3.38847748970162E-13 
0.21842378510379917 3.2618207418499925E-12 1.2730170459892116E-14 1.6488186855202386E-10 1.0582632741767118E-17 6.486812986834363E-8 9.301822376531321E-11 2.130875363585492E-8 8.365545364653735E-11 3.14801643448471E-14 5.1664787750631425E-17 2.3147912151149418E-8 7.622162469506154E-16 3.0520996044104668E-9 2.8738473231340736E-7 4.1739627418900574E-11 3.8427327522533406E-8 6.909748968006449E-13 7.91347070636445E-6 2.381506551335615E-9 5.371613967145603E-15 6.34654154178489E-8 9.353687391561317E-9 2.686845997110465E-12 8.476485641427624E-15 2.289873796960727E-16 1.7210874857059704E-6 1.3466927164713876E-14 2.525356747484393E-9 2.3524991696934904E-11 
0.4376597655466581 4.363906491949037E-11 1.2378235283811014E-15 1.6332508034700247E-10 1.6207355953881928E-11 8.304158527735412E-8 9.064610957495913E-6 1.4060786225167948E-6 3.5431964682024345E-11 4.0192632425808193E-14 5.1664787750631425E-17 7.573682209923024E-6 3.516784668345853E-5 3.0950149765595957E-9 2.709604894960019E-7 4.650638857298806E-9 4.617365106347787E-9 0.0012796896214648185 2.6181713161079945E-8 5.21677411015481E-14 6.870148152625992E-17 6.388142673269865E-10 3.761146899373455E-11 7.945214849735136E-11 1.3351491215369964E-12 7.967100306113509E-17 1.345278943367542E-9 4.249939608119492E-17 2.1483432752207161E-7 2.4149725704756436E-11 
0.4292521534325866 1.3118854741860286E-12 2.0772885859288842E-17 6.160856853050665E-10 1.0582632741767118E-17 7.718985661863709E-10 3.333788702118551E-10 7.529661426974778E-5 1.4755874654177368E-12 7.360146670638618E-15 5.1664787750631425E-17 8.785557290517496E-18 4.1435181523304476E-14 4.2355887841904586E-7 2.0136455879762324E-5 1.25104137780335E-10 9.995554811529643E-9 9.730673804776469E-17 3.0570580017807505E-16 1.1035682282011287E-10 6.870148152625992E-17 1.3124038768115223E-8 1.458949232510899E-7 9.138963061083136E-12 2.349855980180093E-14 1.4148719391072576E-14 1.1097105266750408E-16 3.4760037248770046E-15 3.4942558902039E-17 2.5013525608714515E-11 
0.8287762586700461 5.325546732847248E-16 1.317951883218045E-16 1.2411494870663992E-16 5.065375777488357E-12 2.1371747333494213E-17 2.861729833152469E-12 2.2699938177040678E-11 4.0266782796673863E-10 0.0 5.1664787750631425E-17 6.030264209483596E-9 9.48767571094514E-17 1.1762263972497674E-11 0.0 4.9518127026285E-10 5.5021479907473306E-17 2.556315106452447E-7 0.0 2.579935436836719E-13 7.334228299689115E-7 6.102176132546753E-8 8.72539269689263E-12 4.173862473143168E-12 0.0 3.955448833001114E-11 4.5216659426522284E-11 2.889175035502809E-15 7.66508346246924E-13 1.4983636385171936E-13 
0.44386404142754915 1.3968447599092148E-12 2.2390840219443553E-16 3.423567377666745E-11 5.869509881570564E-12 3.086497964158267E-10 5.6755525798756E-7 4.1735756006718786E-17 2.1213528382624074E-4 0.0 5.1664787750631425E-17 2.0818464055449848E-4 4.215426682348375E-12 5.105851630895971E-11 2.24769037394788E-13 1.0560797344377317E-12 6.676211879423776E-9 2.108181823513254E-9 1.225424413245691E-15 1.967974752979881E-11 1.1336345445142488E-10 0.024161154370924812 2.429573162700989E-11 1.6753562463864179E-15 2.099739677348491E-14 3.6683275453239716E-14 4.034742434452968E-12 2.7640235791447648E-15 1.7372548704502387E-16 1.0749423620101092E-12 
0.21223164860191823 1.0026159331954511E-17 2.5639314420701694E-16 1.2411494870663992E-16 1.4944928858418885E-11 0.06042758158311712 9.460903431054578E-6 4.1735756006718786E-17 2.8587504376552514E-13 0.0 5.1664787750631425E-17 2.14979832719621E-8 9.48767571094514E-17 1.777943461797473E-11 1.8419332229675307E-11 4.279599307067791E-17 6.416578975169116E-9 2.5204776840390217E-6 2.701626394882042E-8 5.3636758621645935E-14 6.870148152625992E-17 4.956499836353764E-12 4.1817775544401666E-14 3.3048409275417435E-12 0.0 3.9205701188504235E-17 7.689667944140316E-9 4.249939608119492E-17 2.251732996888438E-11 7.020555659175883E-6 
0.23323178933394473 1.3445363973244723E-4 2.0772885859288842E-17 4.501783934643053E-5 1.0582632741767118E-17 1.5576555145529067E-12 3.191799717215346E-9 1.7627352413379701E-12 4.073105565782557E-17 2.64211255661754E-12 5.1664787750631425E-17 7.510110067121638E-13 5.296890457145566E-12 1.0640575595296038E-4 0.0 1.1418316750593265E-8 9.979579344947378E-10 9.308460035176944E-7 1.2644187625838903E-13 5.712445511497875E-6 3.4431904858501725E-16 1.0047888459477188E-10 4.9081269096291555E-5 1.4598405203734227E-16 0.0 5.865195014216427E-15 2.5364553130407176E-14 5.1307808123373947E-14 4.588167563240734E-10 0.0 
0.8329201400761541 2.3946973624637733E-16 1.317951883218045E-16 1.6537386302253856E-14 1.0582632741767118E-17 5.410013040785134E-8 3.926517098535926E-11 1.2270245264171305E-11 8.864678022777611E-9 3.195091376078857E-12 1.6268709021314708E-16 1.3342053682929142E-12 3.473719577771529E-10 3.6683377591356237E-9 3.797301559258848E-9 3.9836019303234536E-11 4.111286380688377E-14 9.730673804776469E-17 6.124139900080457E-16 1.1473930822326215E-14 1.7809746032926406E-11 1.4766246997113922E-9 4.9112049619343995E-18 5.182857111653666E-7 0.0 2.512990143869503E-17 4.219788159533562E-13 4.249939608119492E-17 5.832211776705939E-10 4.239686721334269E-15 
0.05454072564187241 1.2695406030130218E-11 2.0772885859288842E-17 3.937185136566862E-13 1.3704347132104386E-7 1.2786761964897615E-12 1.9420997652908765E-6 4.1735756006718786E-17 4.073105565782557E-17 0.0 1.6268709021314708E-16 7.14348619078718E-6 9.99227498557757E-15 1.3158397555250318E-6 0.0 8.03371909948567E-18 5.102861209468527E-11 9.17488414889148E-15 0.0 0.0 6.870148152625992E-17 1.2089450920604238E-12 4.9112049619343995E-18 3.496174957482661E-17 0.0 3.9205701188504235E-17 6.5006681451598526E-12 2.593624193744388E-6 3.4942558902039E-17 3.4369921030409715E-15 
0.20008772916621795 2.696010887057152E-16 2.0772885859288842E-17 1.2411494870663992E-16 1.0582632741767118E-17 1.532625671722828E-13 2.073399015309131E-11 1.8348505688539458E-12 9.236595534500797E-11 2.2303997723401009E-10 0.0012524461796035715 7.630888823728264E-12 1.121199639475016E-13 2.9146227968572763E-10 8.752506670524533E-10 1.2263028731663021E-8 6.353900897289372E-9 8.844077922616478E-6 0.0 1.6463709188532124E-13 2.0934472160397927E-12 5.926893961843103E-10 5.626196912285416E-8 2.89877193562566E-8 0.0 3.442885768993234E-12 8.966654098842247E-15 2.4848375644633474E-8 1.1488705955806367E-10 1.176267169936303E-13 
0.4323936276584427 1.0026159331954511E-17 2.0772885859288842E-17 8.292481426347714E-14 2.9764644365611635E-10 2.1371747333494213E-17 3.573212155419236E-19 4.1735756006718786E-17 4.073105565782557E-17 0.0 5.1664787750631425E-17 2.1091272590510175E-8 9.48767571094514E-17 0.0 6.289289141628419E-14 8.03371909948567E-18 4.615947714252148E-13 9.730673804776469E-17 0.0 4.182648261290748E-10 6.870148152625992E-17 3.277293737174759E-17 4.9112049619343995E-18 1.7557344435321818E-11 2.9039743399155745E-13 3.9205701188504235E-17 2.0922107677714876E-6 4.249939608119492E-17 3.4942558902039E-17 7.1662739249224775E-6 
0.627413271134103 1.0026159331954511E-17 2.0772885859288842E-17 1.2411494870663992E-16 1.0582632741767118E-17 2.1371747333494213E-17 3.573212155419236E-19 4.1735756006718786E-17 4.073105565782557E-17 2.399484495722281E-12 1.6268709021314708E-16 3.8829848968068256E-13 2.011953334212425E-15 1.3389474242071794E-7 6.4850935174775565E-15 4.279599307067791E-17 5.5021479907473306E-17 9.730673804776469E-17 0.0 0.0 6.870148152625992E-17 3.277293737174759E-17 4.9112049619343995E-18 1.4598405203734227E-16 0.0 1.579037406961687E-14 1.1097105266750408E-16 4.249939608119492E-17 8.369937184464554E-15 0.0 
0.06636712187950156 1.2695406030130218E-11 2.0772885859288842E-17 3.937185136566862E-13 1.3704347132104386E-7 1.2786761964897615E-12 1.9420997652908765E-6 4.1735756006718786E-17 4.073105565782557E-17 0.0 1.6268709021314708E-16 7.14348619078718E-6 9.99227498557757E-15 1.3154091603679108E-6 0.0 8.03371909948567E-18 5.5227403891452837E-11 9.17488414889148E-15 0.0 0.0 6.870148152625992E-17 1.1675680828857746E-12 4.9112049619343995E-18 1.4598405203734227E-16 0.0 1.6354577683718372E-15 6.5006681451598526E-12 2.593624193744388E-6 3.4942558902039E-17 4.8128612144207954E-14 
0.8258731907162653 1.4174041971673151E-12 9.184445506168213E-16 1.2411494870663992E-16 1.1456650128644956E-10 2.1371747333494213E-17 1.993305652271701E-14 3.6055401559540356E-8 0.06652715046403306 1.4481882859786044E-12 5.1664787750631425E-17 4.641131789155549E-13 9.48767571094514E-17 1.054330974417779E-9 6.265095694194523E-8 2.6934404845481338E-11 3.6974874098732574E-10 9.730673804776469E-17 3.057451031965931E-6 0.0 6.870148152625992E-17 3.277293737174759E-17 5.944681316249938E-10 1.3054059230288612E-10 0.0 3.9205701188504235E-17 0.0 4.249939608119492E-17 1.297536313115069E-12 0.0 
0.22158404186347103 1.4808410209924854E-12 1.7002497244358685E-11 3.1485795874268536E-11 1.0582632741767118E-17 1.4827066643049532E-8 7.136482197214048E-12 2.0902358829679607E-11 8.804331168905054E-9 8.6034078288526E-12 2.50255130308679E-9 4.675173227538234E-13 9.07627225995423E-15 2.5409865334799964E-10 8.163299512183326E-5 4.241956293666708E-10 3.828086374843413E-9 9.730673804776469E-17 1.2320496645049572E-14 8.150522916092392E-12 8.000614406982631E-13 8.178590158014133E-10 8.326618242340213E-7 3.041490343388001E-8 7.44857014423741E-14 3.9205701188504235E-17 2.3296002123662756E-16 4.249939608119492E-17 8.444191353497749E-12 1.6369280904157698E-17 
0.027077631414416242 1.1937766675524489E-8 2.6421455741800593E-15 1.5831049418140979E-12 3.944460198387995E-10 4.8965682268440174E-8 9.064610957495913E-6 2.2499795600817563E-12 3.5431964682024345E-11 3.1082815387796252E-12 5.1664787750631425E-17 1.3751661637719115E-6 0.019209010799777448 2.157402823806901E-9 3.721224266888411E-10 2.613920153171634E-5 2.881132969561929E-6 0.0012796896214648185 2.6181713161079945E-8 2.986166658442436E-11 7.741842495015439E-13 5.648419312991906E-10 1.1785802410436457E-7 2.2427657351015227E-10 3.999860161100021E-15 1.2885376431752599E-13 6.828359800704398E-8 2.719431697377308E-12 1.426708519771164E-7 1.4062984775165836E-12 
0.621329356946271 1.0026159331954511E-17 8.180807242920107E-16 1.2411494870663992E-16 1.0582632741767118E-17 2.1371747333494213E-17 1.6092856378611312E-10 4.1735756006718786E-17 4.073105565782557E-17 0.0 5.1664787750631425E-17 2.1585647339352007E-8 9.48767571094514E-17 2.543123312757574E-13 2.4597173824657736E-8 2.2448770988804416E-10 7.612710969459546E-10 9.730673804776469E-17 2.8683650515332023E-16 1.4656002700142301E-13 1.4324718818407575E-14 3.277293737174759E-17 2.495540193444594E-9 1.7200190827444815E-11 2.892109341487764E-13 5.2293745287206154E-14 1.6025106767629054E-14 4.249939608119492E-17 2.569871638270703E-16 0.0 
0.005328178870671718 1.1902123922937873E-12 2.0772885859288842E-17 9.704205424576547E-16 1.0582632741767118E-17 5.000289431653396E-16 1.076368580516757E-10 4.1735756006718786E-17 4.073105565782557E-17 2.5332468207136233E-12 5.1664787750631425E-17 9.003114887241901E-15 3.031601270017185E-13 1.2802366351038312E-7 8.115236187732408E-11 2.744262749798339E-11 4.310210557833696E-15 9.730673804776469E-17 0.0 3.848717174615688E-15 6.870148152625992E-17 1.0142114401581604E-11 4.80804787796265E-12 1.4598405203734227E-16 0.0 2.246689120469946E-16 1.1097105266750408E-16 2.2963083723536225E-15 8.369937184464554E-15 2.7554664343998504E-12 
0.042426480409545386 1.0026159331954511E-17 1.0080457154333668E-14 2.922836897209773E-14 1.3804752180267308E-13 2.1371747333494213E-17 5.235147576569787E-9 5.175039727907071E-4 3.760071565438999E-9 2.49415234863355E-12 1.6268709021314708E-16 8.419192138929274E-7 1.0240274669605793E-12 7.276858671455765E-10 1.5556696324925035E-8 2.7500420093637697E-11 5.048177323653898E-16 9.048121217538979E-6 4.2234090399561156E-17 1.0400767885262818E-13 1.5713343600411532E-10 4.552799679214084E-14 5.834858287705996E-10 1.322897996179299E-10 0.0 4.736324733273769E-6 0.0014889272321141345 1.0436251800962471E-4 2.2054930823104396E-11 4.063073809073178E-14 
0.2377436984010772 1.0026159331954511E-17 2.0772885859288842E-17 2.1633830154773976E-16 1.0582632741767118E-17 2.1371747333494213E-17 4.851399914109426E-10 2.0523864734852898E-8 1.5373005644182645E-8 0.0 5.1664787750631425E-17 7.371331632466738E-13 1.936731201198581E-13 0.0 0.0 8.03371909948567E-18 5.5021479907473306E-17 0.0 0.0 0.0 6.870148152625992E-17 3.277293737174759E-17 4.9112049619343995E-18 5.43438577993572E-7 4.172685784233757E-13 3.9205701188504235E-17 3.3853067737128585E-9 4.249939608119492E-17 3.4942558902039E-17 7.710178641853927E-14 
0.6227978265140068 5.192812003922596E-13 1.2922077144392628E-16 9.678395013687716E-15 1.2007666469386537E-13 2.0792961534098613E-13 5.451027553158956E-7 3.140477252886408E-11 1.6475144164459024E-10 0.0 1.1685100319768927E-10 8.785557290517496E-18 2.3145199159881443E-10 2.870880948632845E-9 1.2060156779051962E-9 5.589995805889786E-15 5.61249680544448E-6 1.955425862019656E-11 1.2245263111558351E-14 0.0 3.778440344308213E-15 8.690204569726122E-9 4.437229782771957E-13 1.2496520396053523E-8 0.0024821315336619083 3.9205701188504235E-17 4.147976128948356E-12 3.6456624963544164E-6 1.0110473735102666E-11 1.705968617384834E-10 
0.41376159596614176 5.1444503237033104E-5 2.0772885859288842E-17 3.0344308393377904E-17 5.330104914705227E-10 1.1841285779035773E-11 3.4087595125306463E-12 2.0074715735269656E-12 4.073105565782557E-17 9.921450015904567E-17 1.6268709021314708E-16 8.785557290517496E-18 9.48767571094514E-17 0.0 0.0 1.0867400252380304E-13 3.6082822274716873E-12 9.730673804776469E-17 0.0 3.1297502982267386E-10 1.617768013494281E-14 5.94132663467096E-13 4.9112049619343995E-18 5.756258101018516E-14 0.0 3.78806266020865E-7 1.616035462441135E-14 4.249939608119492E-17 3.4942558902039E-17 0.0 
0.2377436984010772 1.0026159331954511E-17 2.0772885859288842E-17 2.1633830154773976E-16 1.0582632741767118E-17 2.1371747333494213E-17 4.851399914109426E-10 2.0523864734852898E-8 1.5373005644182645E-8 0.0 5.1664787750631425E-17 7.371331632466738E-13 1.936731201198581E-13 0.0 0.0 8.03371909948567E-18 5.5021479907473306E-17 0.0 0.0 0.0 6.870148152625992E-17 3.277293737174759E-17 4.9112049619343995E-18 5.43438577993572E-7 4.172685784233757E-13 3.9205701188504235E-17 3.3853067737128585E-9 4.249939608119492E-17 3.4942558902039E-17 7.710178641853927E-14 
0.008252805950296122 1.700977188849008E-11 1.6292433585059837E-11 3.124134025783232E-11 1.3144373288361392E-7 6.942696255561453E-12 1.1101860659989766E-8 5.671858169493138E-13 1.4437542017039702E-8 0.0 2.688909666121158E-5 1.7363309550330146E-12 9.99227498557757E-15 4.8398855476753036E-8 4.648118752594746E-8 1.23633198955801E-10 1.0290907647302064E-10 5.361217047736119E-8 0.0 8.434728382642635E-12 6.870148152625992E-17 5.435321763041139E-10 8.38104127235417E-8 4.371821044742129E-10 0.0 1.2330193515445586E-13 6.136252982124841E-12 2.3788041886620525E-5 1.0433769112454783E-10 1.293131708747572E-11 
0.8366299263443461 1.0026159331954511E-17 1.317951883218045E-16 1.2411494870663992E-16 1.0582632741767118E-17 2.1371747333494213E-17 8.195727085553213E-14 1.2787808143928674E-11 4.073105565782557E-17 0.0 5.1664787750631425E-17 1.2798140710593973E-6 9.48767571094514E-17 0.0 1.5644717090840377E-8 4.279599307067791E-17 5.5021479907473306E-17 9.730673804776469E-17 0.0 0.0 2.758348645210244E-9 3.277293737174759E-17 4.9112049619343995E-18 1.4598405203734227E-16 0.0 6.753780903199134E-15 1.1097105266750408E-16 4.249939608119492E-17 2.941220185880934E-9 0.0 
0.41860929483439946 1.0026159331954511E-17 2.0772885859288842E-17 1.2411494870663992E-16 1.0582632741767118E-17 2.1371747333494213E-17 3.573212155419236E-19 4.1735756006718786E-17 4.073105565782557E-17 0.0 5.1664787750631425E-17 8.785557290517496E-18 9.48767571094514E-17 0.0 0.0 8.03371909948567E-18 5.5021479907473306E-17 9.730673804776469E-17 0.0 0.0 6.870148152625992E-17 3.277293737174759E-17 4.9112049619343995E-18 1.4598405203734227E-16 0.0 3.9205701188504235E-17 1.1097105266750408E-16 4.249939608119492E-17 3.4942558902039E-17 0.0 
0.8385307278640302 1.0026159331954511E-17 1.1134719446074768E-14 2.914120052041386E-14 4.053512150696685E-9 2.8613271479069083E-15 5.235147576569787E-9 5.175039727907071E-4 5.861538983104052E-8 2.5191205285187966E-12 5.1664787750631425E-17 8.192112035803025E-7 3.643019859781582E-12 1.1251761442221906E-9 1.5556696324925035E-8 2.596401862283467E-11 5.5021479907473306E-17 9.833835480591583E-8 0.0 2.5607534143959765E-13 1.5713343600411532E-10 1.9181249814810407E-11 5.834858287705996E-10 1.377572159923452E-10 5.793880855162334E-16 4.7725373597140405E-6 0.0014889272321141345 8.161526660471898E-7 1.9962573316795758E-13 4.3429352739511895E-14 
0.6245952088572859 1.0026159331954511E-17 2.0772885859288842E-17 1.0824879557661422E-13 1.0582632741767118E-17 2.1371747333494213E-17 3.573212155419236E-19 3.807936253439302E-5 1.8857836793216286E-4 0.0 5.1664787750631425E-17 8.785557290517496E-18 9.48767571094514E-17 4.434880126489854E-12 6.354628736665519E-16 8.03371909948567E-18 5.5021479907473306E-17 3.745244118208409E-4 0.0 4.0812175004956397E-13 0.046441552930502075 1.973928745501044E-12 4.9112049619343995E-18 1.4598405203734227E-16 0.0 3.9205701188504235E-17 1.1097105266750408E-16 9.525982401290357E-6 4.3926047307218264E-14 5.238874597460739E-13 
0.020451452108344592 5.347737118137027E-14 2.0772885859288842E-17 1.4347163509973525E-13 8.200566272264765E-12 1.4720907774779167E-8 7.401633120493237E-12 3.6555861232964877E-8 4.073105565782557E-17 8.923939532636924E-12 5.1664787750631425E-17 3.87548617482677E-12 9.48767571094514E-17 4.855367344231906E-11 8.088965705970138E-5 8.03371909948567E-18 3.30350584847494E-8 9.730673804776469E-17 1.6188068856997305E-9 1.836763784597117E-14 6.870148152625992E-17 1.4024272537268443E-11 8.754104195343378E-7 1.2433159343494634E-9 6.624800683639441E-14 3.9205701188504235E-17 2.3296002123662756E-16 2.2963083723536225E-15 1.8882267396939125E-14 0.0 
0.014099133542291226 1.0026159331954511E-17 2.0772885859288842E-17 1.2411494870663992E-16 1.210118149633986E-10 2.1371747333494213E-17 3.573212155419236E-19 3.6055401559540356E-8 4.073105565782557E-17 1.4481882859786044E-12 5.1664787750631425E-17 3.874235859105171E-12 9.48767571094514E-17 0.0 6.265095694194523E-8 2.6934404845481338E-11 3.2819821957259076E-8 9.730673804776469E-17 2.8358836010549974E-6 0.0 6.870148152625992E-17 3.277293737174759E-17 5.944681316249938E-10 1.2760967050829022E-10 0.0 3.9205701188504235E-17 0.0 2.2963083723536225E-15 3.4942558902039E-17 0.0 
0.824289660671851 7.721094048221274E-13 7.855483759066705E-12 2.4594222984933763E-15 1.085063906449771E-9 2.1371747333494213E-17 1.0473145434486246E-10 5.350060060303666E-11 2.130359785096019E-13 2.4731022673824773E-12 5.1664787750631425E-17 2.0411038782432573E-13 1.5520035691194617E-14 6.273198454884095E-10 8.770404697737649E-11 8.03371909948567E-18 1.0791653540713855E-6 6.7581920112572E-8 5.687828919809828E-16 2.7881955892979846E-10 6.870148152625992E-17 1.719728742068842E-10 9.91702212045589E-9 1.9201233554651665E-8 3.193149075766525E-7 3.9205701188504235E-17 1.1097105266750408E-16 9.573426605187888E-9 5.097234209212052E-12 2.155777193664453E-15 
0.0019995065524235356 1.4609343180169994E-12 2.0772885859288842E-17 2.249831734277257E-12 3.066418667736071E-13 3.086497964158267E-10 5.702775889437591E-7 4.1735756006718786E-17 7.966493326350115E-4 0.0 5.1664787750631425E-17 2.0818464055449848E-4 4.286959082054101E-12 6.82880025123672E-14 2.24769037394788E-13 1.0560797344377317E-12 6.676211879423776E-9 1.2417694787179377E-8 2.3101728925611763E-16 1.967974752979881E-11 6.870148152625992E-17 5.487954758136848E-4 1.9029058682338557E-13 1.4598405203734227E-16 1.4772308166478527E-15 3.974303548411011E-16 4.0270483795513636E-12 2.7640235791447648E-15 3.4942558902039E-17 1.0749423620101092E-12 
0.206431159143391 1.0026159331954511E-17 0.0 9.851526348479319E-7 1.166515997593113E-10 6.951257234534684E-14 4.044076681544448E-8 3.6375156678939156E-8 4.073105565782557E-17 8.415834084564989E-15 5.1664787750631425E-17 3.881350108696973E-12 5.183623630545304E-12 3.4371211406766266E-6 1.6890450532812019E-9 1.1418316750593265E-8 1.029880782672649E-9 3.2651250527351383E-7 1.2644187625838903E-13 5.790128265516674E-6 6.870148152625992E-17 3.277293737174759E-17 1.5160316521760364E-5 1.4970900351425955E-12 0.0 3.9205701188504235E-17 0.0 5.184331117077912E-14 4.588167563240734E-10 0.0 
0.011019589451999656 1.0026159331954511E-17 2.107043586316832E-9 5.956549200954822E-14 5.01418747386677E-8 1.4006924247120757E-11 3.573212155419236E-19 1.3890637480362299E-12 1.2593375631573077E-5 6.227517255651543E-14 2.5604565522011318E-11 1.0804968368546085E-5 9.48767571094514E-17 9.48832633752414E-11 3.6637412320216024E-13 3.257989893721279E-13 3.436737506782609E-8 2.3322391291866377E-10 2.441601046842454E-10 2.084213572427339E-10 4.691969763173774E-15 1.377715015913075E-9 4.553998373410705E-11 7.635242388199215E-10 0.0013593118731684006 3.9205701188504235E-17 1.2154261617970072E-12 1.0485734512025888E-10 3.4942558902039E-17 2.903579526865324E-13 
0.4461821311736629 3.4578797306515614E-16 1.317951883218045E-16 2.246279182351821E-12 1.351436905210903E-8 8.525957102774146E-7 5.218025435828784E-7 0.0014778136049077122 1.3057022986113091E-5 3.1423550543547577E-12 1.6268709021314708E-16 1.3801149578691042E-6 3.3360552098073914E-10 2.407432690577326E-10 1.917759876261508E-13 1.4019710044773704E-13 1.0222652455408975E-10 3.134926775803415E-8 6.124139900080457E-16 3.710329139845557E-14 1.1676281555640208E-13 1.777454600511273E-9 3.717907419328279E-16 3.648876416109096E-8 0.0 1.7370210208409565E-13 1.9752131646595955E-14 2.4382369921664582E-6 5.766561392744093E-10 3.3317753525833703E-9 
0.18658117098336197 1.0026159331954511E-17 8.180807242920107E-16 1.0510111357222253E-15 1.0582632741767118E-17 2.1371747333494213E-17 3.573212155419236E-19 4.1735756006718786E-17 4.073105565782557E-17 0.0 1.776215010861073E-11 8.785557290517496E-18 9.48767571094514E-17 0.0 0.0 8.03371909948567E-18 9.281524255433715E-10 4.1435296984386714E-13 2.8683650515332023E-16 0.0 6.870148152625992E-17 3.277293737174759E-17 5.580585615664239E-12 2.6880650088533115E-10 0.0 3.9205701188504235E-17 5.815882031006529E-16 4.249939608119492E-17 4.6669136519165356E-11 0.0 
0.04659606476230299 2.4296081077586174E-15 5.089664906412854E-16 5.951827305113389E-14 4.944675797782575E-12 2.1371747333494213E-17 7.005020558537493E-14 6.360397458668958E-13 4.073105565782557E-17 9.405766159885899E-15 1.6268709021314708E-16 1.7354539904239802E-5 9.48767571094514E-17 1.1292806266846134E-14 3.4238184456436233E-9 4.670597485277552E-10 5.5021479907473306E-17 4.44192500287713E-13 0.0 1.0085333504757983E-12 1.1122498027352671E-8 3.389047808043983E-15 4.669602564262447E-16 7.668500799601802E-14 0.0 2.1629813568576364E-14 1.1094302260362212E-15 2.889175035502809E-15 6.859739455306119E-10 2.5123161218356033E-12 
0.20819402592472763 2.1360369667189915E-11 9.254557899381042E-16 1.8612554402490001E-13 1.3172015175825392E-7 7.432283037643284E-12 2.7834470422854552E-5 9.099958383291407E-10 6.978923677432526E-6 8.784665351000435E-14 5.1664787750631425E-17 2.8956489178395204E-5 1.2167432722081967E-10 9.56335932198157E-10 2.2408703247380108E-7 6.328988996139715E-9 6.238690436254202E-10 3.9748273740179934E-4 4.621687443231309E-7 4.566455062915082E-13 3.157715738186712E-15 1.0543411667751594E-9 2.1774415923632543E-9 3.6230281236682767E-12 2.3343697769785316E-14 2.7384248470963937E-14 6.499809847157632E-11 4.669803370773746E-9 5.4083108833349305E-9 7.455639052380059E-10 
0.42185209275061913 1.0026159331954511E-17 2.0772885859288842E-17 8.292481426347714E-14 3.002276569481837E-10 2.1371747333494213E-17 3.573212155419236E-19 4.1735756006718786E-17 4.073105565782557E-17 0.0 5.1664787750631425E-17 2.12081768359035E-8 9.48767571094514E-17 0.0 1.8307024983705777E-11 8.03371909948567E-18 4.534210451123008E-13 9.730673804776469E-17 9.09840914962244E-17 1.4329908076918196E-13 6.870148152625992E-17 3.277293737174759E-17 4.9112049619343995E-18 3.329928347442929E-12 2.9039743399155745E-13 3.9205701188504235E-17 7.770891152586711E-9 4.249939608119492E-17 3.4942558902039E-17 7.1662739249224775E-6 
0.625347888864092 2.4751954961028028E-15 1.317951883218045E-16 1.2411494870663992E-16 1.0582632741767118E-17 2.1371747333494213E-17 3.573212155419236E-19 4.1735756006718786E-17 4.073105565782557E-17 1.33237689575564E-13 1.6268709021314708E-16 6.212615927525154E-15 3.559342991658305E-15 1.4055969166599916E-7 6.4850935174775565E-15 8.03371909948567E-18 5.5021479907473306E-17 9.730673804776469E-17 0.0 3.848717174615688E-15 6.870148152625992E-17 3.277293737174759E-17 4.9112049619343995E-18 1.4598405203734227E-16 0.0 6.015301423662779E-5 1.1097105266750408E-16 4.249939608119492E-17 8.369937184464554E-15 0.0 
0.8304831304771761 1.0026159331954511E-17 1.2321099869933399E-14 6.577350279257753E-14 1.0582632741767118E-17 2.1371747333494213E-17 1.6896041099869007E-10 1.5843394614661226E-13 4.073105565782557E-17 2.5817264369959184E-14 1.6268709021314708E-16 4.542461052954111E-9 9.48767571094514E-17 1.1773082683738169E-14 6.655354178396515E-8 5.040478189084863E-10 1.2154117991670237E-13 9.730673804776469E-17 0.0 1.0789186805349123E-13 7.363906475897271E-7 9.830073937410729E-11 4.9112049619343995E-18 1.4598405203734227E-16 0.0 4.32775836936596E-13 4.240475631260703E-13 4.249939608119492E-17 1.651171027229275E-8 4.833952725230709E-14 
0.4164883710904794 3.7004850181619274E-14 7.864634910861479E-10 3.1735550627477876E-11 1.2510032751403599E-9 9.782667124557117E-11 2.0702257065247717E-13 4.157893731324662E-9 8.715074998883087E-8 1.0036985027902989E-14 9.711311649211955E-8 4.373740649603763E-6 4.3783703792076955E-6 1.1710390199410926E-8 1.2811100982359857E-7 4.70719376335108E-10 8.25402980462856E-10 1.8330919995112527E-11 0.0 2.7221878127514427E-10 2.7603601222532457E-9 1.3505197721103852E-8 3.442889839405787E-10 1.203779708540412E-10 0.0 3.9205701188504235E-17 4.650016900815651E-8 5.259151706862873E-13 8.369937184464554E-15 3.337987239016918E-14 
0.41578738895355466 1.739117653496217E-7 2.0772885859288842E-17 3.0344308393377904E-17 5.330104914705227E-10 1.1841285779035773E-11 3.4087595125306463E-12 6.623953753330701E-15 4.073105565782557E-17 0.0 1.6268709021314708E-16 8.785557290517496E-18 9.48767571094514E-17 0.0 0.0 1.600017882668247E-15 1.6443641704015366E-13 9.730673804776469E-17 0.0 3.1991369111587144E-10 1.617768013494281E-14 5.94132663467096E-13 4.9112049619343995E-18 5.5319168994373026E-14 0.0 1.1648119744461156E-8 1.5492737984347647E-14 4.249939608119492E-17 3.4942558902039E-17 0.0 
0.8268596557727133 1.4483734496180154E-12 9.184445506168213E-16 1.4347163509973525E-13 1.0582632741767118E-17 1.4720907774779167E-8 7.136482197214048E-12 7.768761084878268E-9 4.073105565782557E-17 8.923939532636924E-12 5.1664787750631425E-17 4.650999461846093E-13 9.48767571094514E-17 1.0862873046709511E-9 8.088965705970138E-5 8.03371909948567E-18 4.099826052973791E-12 9.730673804776469E-17 1.2492862470220298E-14 1.836763784597117E-14 6.870148152625992E-17 1.4024272537268443E-11 8.754104195343378E-7 1.2460694298082498E-9 6.624800683639441E-14 3.9205701188504235E-17 2.3296002123662756E-16 4.249939608119492E-17 1.2951489308824713E-12 0.0 
0.6480883938428301 2.2559006036016167E-11 9.254557899381042E-16 1.2411494870663992E-16 3.997176265621402E-9 1.8031807509649163E-13 3.573212155419236E-19 4.9531329409333965E-12 4.073105565782557E-17 8.352184685986137E-14 5.1664787750631425E-17 1.5014763626352725E-7 1.2110787268299824E-10 9.561018336449572E-10 2.274329340035899E-7 8.03371909948567E-18 5.5021479907473306E-17 9.730673804776469E-17 4.6673931020496905E-7 4.3758412518032537E-13 3.157715738186712E-15 1.081106188704514E-9 2.1506385125508713E-9 3.705540484759298E-12 5.793880855162334E-16 3.9205701188504235E-17 2.6175835173929884E-13 4.249939608119492E-17 3.4942558902039E-17 0.0 
0.8445826024404277 1.0026159331954511E-17 1.1771689997595702E-14 1.0059988600018282E-15 2.8521057577533166E-14 2.1371747333494213E-17 3.573212155419236E-19 4.1735756006718786E-17 4.073105565782557E-17 2.610028510984843E-12 5.1664787750631425E-17 1.7438051179059652E-7 9.48767571094514E-17 0.0 1.629308913596831E-10 4.279599307067791E-17 5.048177323653898E-16 9.730673804776469E-17 0.0 0.0 8.16077901763624E-9 9.685670005639836E-12 1.2912086353475172E-14 1.4598405203734227E-16 0.0 3.9205701188504235E-17 3.2381303236959385E-13 4.249939608119492E-17 2.569871638270703E-16 0.0 
0.6400836442680062 2.11480321637173E-11 9.181478068920534E-16 4.797999902887927E-14 1.0830660595255862E-9 2.2887476166450945E-11 6.060697940901995E-10 1.2589823656513326E-9 1.2553633969339341E-5 2.02742045266147E-14 4.725741505637475E-9 1.0371176973150032E-10 1.0506157316315314E-14 1.418530106021652E-8 8.370873256684095E-11 8.03371909948567E-18 1.0467179348777565E-4 6.992374921590508E-6 6.619581626364614E-12 1.776868812318494E-8 1.9587987339828525E-9 1.4179928020584044E-8 2.218566971041027E-9 3.751936453911297E-9 1.2316025864405981E-15 3.9205701188504235E-17 8.766288405444988E-13 6.791553202909977E-9 3.4942558902039E-17 4.9881135141362326E-12 
0.214585375070276 3.083249457385781E-12 8.749716381746352E-9 4.615180670902779E-8 1.3892302514717117E-9 8.566245300669639E-7 1.0420726209902272E-7 1.681698146437254E-10 1.2554148192058243E-5 2.587827518326019E-14 1.6268709021314708E-16 3.8956094209697436E-13 2.286032912784446E-7 3.550417339657306E-10 1.3124865114485387E-7 5.6600406927094455E-12 1.9040398351130374E-10 2.4229846360786203E-13 2.957824469038548E-13 3.1322835842005262E-9 5.455299553699741E-14 9.741652081757112E-11 1.3902096487419478E-10 1.9189931565125944E-10 8.83848868686922E-9 2.0129638420410975E-15 5.507271364744068E-11 2.7722910048408887E-6 1.5752386666063783E-14 4.3797272556754385E-10 
0.42702962562156843 1.0026159331954511E-17 2.0772885859288842E-17 1.320184931484862E-10 3.373403175187394E-10 2.1371747333494213E-17 3.4832837855102602E-9 4.1735756006718786E-17 4.073105565782557E-17 0.0010077891585108384 5.1664787750631425E-17 8.785557290517496E-18 9.48767571094514E-17 0.0 2.1898439270614138E-12 6.577262283708897E-11 5.5021479907473306E-17 9.730673804776469E-17 1.3041836051141276E-16 0.0 6.870148152625992E-17 3.277293737174759E-17 4.9112049619343995E-18 1.4598405203734227E-16 0.0 2.4289071986431114E-13 6.5534556597932E-11 4.249939608119492E-17 3.4942558902039E-17 0.0 
0.42615317042836026 1.0026159331954511E-17 2.0772885859288842E-17 1.2411494870663992E-16 1.0582632741767118E-17 2.1371747333494213E-17 3.573212155419236E-19 4.1735756006718786E-17 4.073105565782557E-17 0.0 5.1664787750631425E-17 8.785557290517496E-18 9.48767571094514E-17 0.0 0.0 8.03371909948567E-18 5.5021479907473306E-17 9.730673804776469E-17 0.0 0.0 6.870148152625992E-17 3.277293737174759E-17 4.9112049619343995E-18 1.4598405203734227E-16 0.0 3.9205701188504235E-17 1.1097105266750408E-16 4.249939608119492E-17 3.4942558902039E-17 0.0 
0.22438404263838885 1.0026159331954511E-17 8.444456891388074E-16 1.0770079644483974E-13 5.858702294370052E-9 2.023971101006774E-14 3.573212155419236E-19 3.807936253439302E-5 1.8857836793216286E-4 0.0 5.1664787750631425E-17 8.785557290517496E-18 9.48767571094514E-17 1.8599400751810286E-10 2.015109942461422E-11 8.03371909948567E-18 1.2800398102759241E-9 3.745244118208409E-4 0.0 6.524032119266492E-15 6.870148152625992E-17 1.976532255384566E-12 1.6957130667436316E-11 1.1204498432482657E-14 4.36409769715199E-14 3.9205701188504235E-17 0.0 9.525982401290357E-6 4.3926047307218264E-14 1.11024596119726E-12 
0.632061456601778 1.0217538230164193E-15 2.0772885859288842E-17 1.1760323549274362E-14 1.0582632741767118E-17 2.1371747333494213E-17 3.573212155419236E-19 1.101806976954706E-8 4.073105565782557E-17 4.766131355231346E-13 5.1664787750631425E-17 3.93109382966073E-14 9.48767571094514E-17 1.4465324819363851E-11 0.0 4.279599307067791E-17 5.5021479907473306E-17 9.730673804776469E-17 0.0 0.0 6.870148152625992E-17 3.277293737174759E-17 2.1305811994394045E-14 1.4598405203734227E-16 0.0 4.772807342910377E-16 1.1097105266750408E-16 4.249939608119492E-17 3.4942558902039E-17 0.0 
0.03783061865011983 2.0895185120825813E-13 1.2047095875525646E-14 5.954669654767225E-14 4.992667791613087E-12 2.1371747333494213E-17 2.5870390075081442E-11 6.437185091341112E-13 2.208964084512135E-9 7.016786653756356E-14 5.1664787750631425E-17 1.970138357350471E-6 9.48767571094514E-17 2.7608368570503428E-11 5.592685394185648E-11 4.664202752735179E-10 2.163085352617985E-16 2.640154222614892E-7 0.0 9.935392869635481E-13 7.388681698165219E-7 9.893113125624286E-12 1.3173332829600474E-14 4.25672875765029E-12 0.0 2.1629813568576364E-14 4.3515567958355646E-11 2.889175035502809E-15 6.478666856161097E-12 2.4725318744277276E-12 
0.21442405626017008 3.049207462298317E-12 8.749716381746352E-9 1.9054800797770904E-9 1.3892302514717117E-9 8.566245300669639E-7 1.0420726209902272E-7 2.0030276848092642E-11 6.691820081143048E-7 2.587827518326019E-14 5.1664787750631425E-17 1.2632885882441945E-6 8.073490288816794E-9 3.550417339657306E-10 1.297374980417998E-7 5.6600406927094455E-12 6.812643711749614E-9 2.408055555576469E-13 3.647050218515029E-15 1.5382346227939637E-10 7.322211265911714E-7 1.5607788197693365E-10 1.3902096487419478E-10 1.909016398993819E-10 9.06472692187049E-9 3.0658678700420627E-15 5.485041410910326E-11 2.268698191119009E-8 2.398186395244222E-11 4.3797272556754385E-10 
0.8338630655449035 2.4296081077586174E-15 5.089664906412854E-16 7.292128214002189E-13 1.0582632741767118E-17 1.5259696897247133E-8 6.036788320206937E-14 3.245915157986363E-8 4.073105565782557E-17 8.359472381759406E-12 1.6268709021314708E-16 9.613378349519308E-15 9.48767571094514E-17 6.650495261700823E-12 1.8208406324303982E-7 1.892122558038247E-11 3.4427702107992806E-9 9.730673804776469E-17 1.2320496645049572E-14 1.8712106560606043E-14 6.870148152625992E-17 8.172945312820715E-10 8.580068490963575E-7 1.7731327017918052E-10 6.77499640072196E-14 3.9205701188504235E-17 2.3296002123662756E-16 2.889175035502809E-15 5.1128194571202206E-14 1.6369280904157698E-17 
0.0030955467483147897 0.016837994701919747 2.0772885859288842E-17 1.0510111357222253E-15 1.0582632741767118E-17 2.4268932768735325E-15 3.573212155419236E-19 4.1735756006718786E-17 4.073105565782557E-17 0.0 5.719592902042957E-13 8.785557290517496E-18 9.48767571094514E-17 0.0 0.0 8.03371909948567E-18 9.281524255433715E-10 9.42831800872569E-7 2.8683650515332023E-16 0.0 6.870148152625992E-17 3.277293737174759E-17 5.503332910891331E-12 2.6052273606392087E-10 0.0 3.9205701188504235E-17 5.815882031006529E-16 4.249939608119492E-17 4.6669136519165356E-11 0.0 
0.06475130580822691 1.0026159331954511E-17 8.180807242920107E-16 1.2411494870663992E-16 1.0582632741767118E-17 2.1371747333494213E-17 1.6028726425259784E-10 4.1735756006718786E-17 4.073105565782557E-17 0.0 5.1664787750631425E-17 8.785557290517496E-18 9.48767571094514E-17 0.0 5.607601785292919E-10 2.0757264104331796E-10 7.460907347848753E-10 9.730673804776469E-17 0.0 0.0 1.4112585266783001E-14 3.277293737174759E-17 2.516099462860438E-9 1.4598405203734227E-16 2.757455286631284E-13 3.9205701188504235E-17 1.1097105266750408E-16 4.249939608119492E-17 2.569871638270703E-16 0.0 
1.6874008416750685E-4 1.0026159331954511E-17 2.0772885859288842E-17 1.2411494870663992E-16 1.0582632741767118E-17 2.1371747333494213E-17 3.573212155419236E-19 4.1195312490454536E-14 4.073105565782557E-17 0.0 5.1664787750631425E-17 7.194428788877638E-13 9.48767571094514E-17 0.0 0.0 8.03371909948567E-18 5.5021479907473306E-17 9.730673804776469E-17 0.0 5.389434275164773E-6 6.870148152625992E-17 3.277293737174759E-17 4.9112049619343995E-18 1.4598405203734227E-16 0.0 3.9205701188504235E-17 9.612921363778701E-16 4.249939608119492E-17 3.4942558902039E-17 0.0 
0.20328433671506158 2.376741838859002E-12 2.0772885859288842E-17 1.615085204359861E-10 1.0582632741767118E-17 2.763039323707093E-9 4.6830605824460446E-8 1.8348505688539458E-12 9.236595534500797E-11 2.1990575502920775E-10 0.0012014995412653285 7.630888823728264E-12 1.121199639475016E-13 2.4547292529214704E-10 8.053059258809066E-9 4.494710916709651E-9 6.430983788169614E-9 8.844077922616478E-6 3.074363930550685E-10 1.6463709188532124E-13 2.0934472160397927E-12 6.384641758835167E-10 5.673646318282705E-8 9.225315743848177E-10 0.0 3.442885768993234E-12 8.966654098842247E-15 4.5887624791162746E-10 1.1488705955806367E-10 2.5014201857546013E-11 
0.6437294095723043 1.0026159331954511E-17 2.0772885859288842E-17 1.2411494870663992E-16 1.0582632741767118E-17 2.1371747333494213E-17 3.573212155419236E-19 4.1735756006718786E-17 4.073105565782557E-17 0.0 5.1664787750631425E-17 8.785557290517496E-18 9.48767571094514E-17 0.0 0.0 8.03371909948567E-18 5.5021479907473306E-17 9.730673804776469E-17 0.0 0.0 6.870148152625992E-17 3.277293737174759E-17 4.9112049619343995E-18 1.4598405203734227E-16 0.0 3.9205701188504235E-17 1.1097105266750408E-16 4.249939608119492E-17 3.4942558902039E-17 0.0 
0.6270438762063826 1.0026159331954511E-17 2.0772885859288842E-17 1.0810804244503509E-13 1.0582632741767118E-17 2.1371747333494213E-17 3.573212155419236E-19 3.6751311307568165E-5 1.8857836793216286E-4 0.0 5.1664787750631425E-17 8.785557290517496E-18 9.48767571094514E-17 1.1535085932544843E-13 6.354628736665519E-16 8.03371909948567E-18 5.5021479907473306E-17 3.745244118208409E-4 0.0 4.0812175004956397E-13 0.04634831827349668 1.9424143074522047E-12 4.9112049619343995E-18 1.4598405203734227E-16 0.0 3.9205701188504235E-17 1.1097105266750408E-16 1.4464839990615858E-7 4.3926047307218264E-14 5.238874597460739E-13 
0.22768824116788183 2.1267748989609427E-6 2.0772885859288842E-17 4.501783934643053E-5 1.0582632741767118E-17 1.5576555145529067E-12 2.3422801514110886E-9 8.07239893006666E-12 4.073105565782557E-17 3.225207935472018E-15 5.1664787750631425E-17 7.510110067121638E-13 5.296890457145566E-12 1.0640575595296038E-4 0.0 1.1418316750593265E-8 9.979579344947378E-10 9.308460035176944E-7 1.2644187625838903E-13 5.712445511497875E-6 3.4431904858501725E-16 9.822013330667944E-11 4.9081269096291555E-5 8.057929909429962E-13 0.0 5.865195014216427E-15 2.5364553130407176E-14 1.2076365080632022E-13 2.5780844890742964E-12 0.0 
0.030534848614200742 5.325546732847248E-16 2.5639314420701694E-16 1.1708739531836613E-15 4.961830719888396E-12 2.1371747333494213E-17 2.861729833152469E-12 2.2162014746476523E-11 4.073105565782557E-17 0.0 5.1664787750631425E-17 4.624356583940919E-9 9.48767571094514E-17 7.477957121109938E-10 0.0 4.9518127026285E-10 5.048177323653898E-16 4.00195009122665E-13 4.2234090399561156E-17 1.0592588105530194E-13 7.334228299689115E-7 6.102176132546753E-8 8.72539269689263E-12 2.2964788700128038E-12 0.0 4.1450676642195133E-13 4.5216659426522284E-11 2.889175035502809E-15 2.24081756425595E-11 6.262720990765066E-11 
0.8304831304771761 1.0026159331954511E-17 1.2321099869933399E-14 6.577350279257753E-14 1.0582632741767118E-17 2.1371747333494213E-17 1.6896041099869007E-10 1.5843394614661226E-13 4.073105565782557E-17 2.5817264369959184E-14 1.6268709021314708E-16 4.542461052954111E-9 0.0 1.1773082683738169E-14 6.655354178396515E-8 5.040478189084863E-10 1.2154117991670237E-13 9.730673804776469E-17 0.0 1.0789186805349123E-13 7.363906475897271E-7 9.830073937410729E-11 4.9112049619343995E-18 1.4598405203734227E-16 0.0 4.32775836936596E-13 4.240475631260703E-13 4.249939608119492E-17 1.651171027229275E-8 4.833952725230709E-14 
0.6351901975721312 1.0026159331954511E-17 2.0772885859288842E-17 1.2411494870663992E-16 1.0582632741767118E-17 2.774883659565101E-5 3.573212155419236E-19 1.7499746501641244E-8 4.073105565782557E-17 1.4351226926537641E-12 5.1664787750631425E-17 3.195967959730628E-16 9.48767571094514E-17 5.302208684520614E-9 0.0 1.2327808210567695E-10 5.5021479907473306E-17 9.730673804776469E-17 3.4297790443106855E-11 0.0 6.870148152625992E-17 3.398977280654711E-11 3.417252675301462E-9 8.617065462592977E-12 2.36778698705229E-14 1.4923196978281537E-9 0.07185213765816179 4.249939608119492E-17 3.4942558902039E-17 2.3400815629857372E-11 
0.18352277040207088 1.0026159331954511E-17 1.317951883218045E-16 7.431500596661657E-11 1.0582632741767118E-17 5.377673052146148E-10 1.9864094510945633E-10 1.3544755735251806E-14 9.211949903792501E-9 2.6666239358948875E-14 1.6268709021314708E-16 2.157151145687286E-8 2.6558775898406893E-12 1.2493011784846459E-6 6.655916496684559E-8 1.1418316750593265E-8 7.642212278214749E-10 5.86051744737405E-8 1.671458617990872E-6 7.753449354233839E-8 1.2195953582274202E-13 1.1150876101357979E-11 0.0014432526151919706 1.1457197600632143E-8 0.0 5.056542778493238E-15 1.5956795140555934E-14 5.35488999754642E-14 9.540986702624881E-12 4.239686721334269E-15 
0.6362436140686846 3.152295324742021E-12 8.444456891388074E-16 1.0770079644483974E-13 5.858702294370052E-9 8.709433890300554E-16 3.573212155419236E-19 0.002478974779194805 1.8857836793216286E-4 9.6566204030787E-16 5.1664787750631425E-17 2.208884547684928E-12 3.559342991658305E-15 1.8599400751810286E-10 2.015109942461422E-11 8.03371909948567E-18 1.266241494675534E-9 3.745244118208409E-4 0.0 3.848717174615688E-15 0.0 2.11423170064715E-12 1.6957130667436316E-11 3.0656512094585674E-14 4.36409769715199E-14 3.9205701188504235E-17 1.1097105266750408E-16 9.742285904520035E-6 4.505287781295604E-16 1.146183489033657E-12 
0.03608099682580446 1.9700087789799352E-13 2.0772885859288842E-17 3.678417217802657E-15 1.0582632741767118E-17 7.190672747760091E-7 1.2037364319100106E-12 1.3277478825484283E-7 1.7883463138255887E-7 3.2862589515055168E-12 5.1664787750631425E-17 3.511909755389841E-7 1.820520600333466E-4 3.817359680722097E-11 2.585439096234687E-11 1.1978738660596E-8 4.0470841225513934E-6 8.702954470526215E-6 2.2945564976007645E-6 6.729529514149399E-10 2.764703451679386E-9 2.0546623050213985E-13 1.1787578068444242E-7 6.782560637412368E-11 0.0 2.182011375616562E-14 2.188647899947104E-16 9.141783004323365E-5 2.386008933655663E-13 2.6497352355492117E-12 
0.6430146996451747 2.8876368345701414E-12 1.0816625232184225E-13 2.592344137405146E-4 2.337982847418902E-11 2.1371747333494213E-17 3.573212155419236E-19 1.3550372977279496E-13 5.007961997680844E-8 2.580095653373963E-16 1.6268709021314708E-16 1.711692241255168E-14 3.3152694558927704E-13 9.040492754418E-9 0.007945617518932795 2.0435284573524625E-4 7.937086405196137E-12 9.730673804776469E-17 0.0 3.848717174615688E-15 6.870148152625992E-17 7.494862280925956E-8 4.191281803319136E-7 2.2542312693446252E-10 0.0 3.9205701188504235E-17 1.1097105266750408E-16 5.081870873768226E-13 3.4942558902039E-17 0.0 
0.19504431256204177 1.1594039147061615E-12 2.0772885859288842E-17 1.2411494870663992E-16 1.0582632741767118E-17 7.124765963028951E-7 7.702528029584857E-13 1.0068053181881058E-5 1.859682968848528E-4 2.7270674648163E-10 5.1664787750631425E-17 1.1773262180005234E-10 0.02713025503491597 7.068491514753126E-8 2.004179179733806E-11 1.1674021810522518E-8 4.0470841225513934E-6 8.702954470526215E-6 2.3205076269428387E-6 6.729529514149399E-10 6.870148152625992E-17 2.0546623050213985E-13 1.1787578068444242E-7 7.085507542045671E-11 0.0 3.3685658341285006E-16 2.188647899947104E-16 9.069892996892991E-5 2.386008933655663E-13 2.646508738022698E-12 
0.2036796471136495 1.2340158820044797E-13 8.994660995482599E-14 2.043324358105517E-12 5.492546328801727E-11 5.096042419875229E-10 3.800765072391873E-12 1.1328600007554104E-9 1.0858445977615714E-5 2.589001601316079E-10 1.6268709021314708E-16 1.1585670484388321E-10 2.3413194158474E-13 6.426818461945484E-8 1.0324493331388632E-6 5.243642241183993E-12 5.4713407664004125E-9 9.730673804776469E-17 2.3083021339062037E-6 5.401732110543573E-11 6.870148152625992E-17 6.621605973365093E-10 6.927853542529807E-6 3.0582370920711924E-8 6.770179227848023E-14 3.4551284109156246E-16 7.180155669000259E-11 2.8370393778987656E-7 1.601276725862064E-8 2.1645125164073806E-12 
0.42408588562609484 1.0026159331954511E-17 2.0772885859288842E-17 1.1477687273024013E-15 3.049231186534316E-10 2.1371747333494213E-17 3.573212155419236E-19 4.1735756006718786E-17 4.073105565782557E-17 0.0 5.1664787750631425E-17 5.6550490290512345E-11 9.48767571094514E-17 0.0 1.5038756808429908E-13 8.03371909948567E-18 4.506247326863189E-15 9.730673804776469E-17 0.0 2.5363384041714504E-12 6.870148152625992E-17 3.277293737174759E-17 4.9112049619343995E-18 2.6315626841600473E-10 2.9039743399155745E-13 3.9205701188504235E-17 6.822209764381372E-7 4.249939608119492E-17 3.4942558902039E-17 9.586754468858358E-11 
0.45185789251207614 5.3120912105828447E-5 2.0772885859288842E-17 1.2411494870663992E-16 1.0582632741767118E-17 2.1371747333494213E-17 3.573212155419236E-19 2.074041610491692E-12 4.073105565782557E-17 9.921450015904567E-17 5.1664787750631425E-17 8.785557290517496E-18 9.48767571094514E-17 0.0 0.0 1.0885579456521581E-13 3.4988749577988875E-12 9.730673804776469E-17 0.0 1.6636360073293656E-12 6.870148152625992E-17 3.277293737174759E-17 4.9112049619343995E-18 3.131029673548947E-15 0.0 3.731232104418289E-7 9.08289301671899E-16 4.249939608119492E-17 3.4942558902039E-17 0.0 
0.8409493460563873 1.0026159331954511E-17 1.317951883218045E-16 1.2411494870663992E-16 1.5951581654546712E-11 2.1371747333494213E-17 9.460903431054578E-6 4.1735756006718786E-17 3.407536511434047E-11 0.0 5.1664787750631425E-17 1.1980785975303315E-16 9.48767571094514E-17 4.492258277290277E-12 1.5001604446640854E-9 4.279599307067791E-17 5.5021479907473306E-17 0.0013037536791497889 2.6982340084891004E-8 5.1673471307848534E-14 6.870148152625992E-17 4.956499836353764E-12 1.7728278612781099E-13 1.4598405203734227E-16 0.0 3.9205701188504235E-17 1.1097105266750408E-16 4.249939608119492E-17 2.569871638270703E-16 2.117400291310204E-11 
0.1971242731943928 3.0387244451857365E-12 8.58490960787837E-9 1.9054800797770904E-9 1.3834416407406836E-9 8.566245300669639E-7 1.0420726209902272E-7 1.2334659657867859E-9 1.2379071330415356E-5 2.02742045266147E-14 5.1664787750631425E-17 1.2723969667135303E-6 6.266505155421305E-12 1.4237623385897488E-8 1.297374980417998E-7 1.5319997689950212E-13 1.343109305980029E-7 2.408055555576469E-13 3.647050218515029E-15 8.163904997919004E-11 7.173714113232576E-7 1.5586530724830394E-8 2.202590186848461E-9 1.909016398993819E-10 9.06472692187049E-9 3.0658678700420627E-15 5.485041410910326E-11 2.268698191119009E-8 9.6735989001942E-13 4.4196845187460245E-10 
0.6198919406970846 4.375888684242531E-14 1.317951883218045E-16 1.3462557499476708E-16 1.0582632741767118E-17 2.1371747333494213E-17 3.573212155419236E-19 1.0679291996057593E-11 4.073105565782557E-17 0.0 1.1685100319768927E-10 1.1980785975303315E-16 5.804141680652777E-12 2.8956152701258413E-9 2.602712517885783E-12 8.891526386220503E-13 3.503133534059146E-6 9.730673804776469E-17 4.030493895400637E-15 0.0 6.870148152625992E-17 7.708224856031138E-11 1.26831070091821E-12 1.4598405203734227E-16 1.851710211058556E-16 3.9205701188504235E-17 5.497756753290576E-17 4.973879602879386E-6 1.046467268821745E-11 1.705968617384834E-10 
0.22575005367076945 6.675945065530079E-7 1.2196091334571224E-14 3.4322040282168606E-11 1.6341725143192243E-8 4.599715846039277E-8 1.9161204238105098E-8 3.0409373569143957E-9 4.073105565782557E-17 8.031740698288028E-14 5.1664787750631425E-17 3.953229509720267E-12 9.48767571094514E-17 0.0 2.2933140859846423E-5 1.1027667160371868E-13 1.3202805029033155E-9 9.730673804776469E-17 2.5446827239072033E-14 1.2664400105195953E-8 1.176868455080396E-10 2.5389154107345106E-15 4.9112049619343995E-18 5.743340393599236E-14 0.0 1.3360288176765341E-9 1.1097105266750408E-16 1.6081279212479826E-15 3.4942558902039E-17 0.0 
0.6198026919197489 1.2251012592903236E-11 2.1231596043619693E-14 4.601936304722311E-13 1.278749625395602E-7 7.8056321875976E-11 7.952792986603251E-4 1.0674400923786058E-11 4.631719624194505E-7 0.0 4.3829574915125517E-13 1.6508519926190194E-5 4.044539528191118E-12 3.305200516056912E-8 1.1328389750930611E-12 9.493834284202857E-13 6.799926940910955E-8 1.976073047439263E-5 4.030493895400637E-15 2.161723347166665E-17 6.870148152625992E-17 3.953635189886172E-15 4.956763212179015E-10 7.738102209450286E-13 1.851710211058556E-16 6.22524254659102E-15 1.3050195907413132E-10 4.287276006875752E-12 1.0152392837618937E-13 4.966057618166963E-13 
0.6326694921286842 3.175217249365526E-12 3.047869621271922E-12 0.0 2.783514041484854E-12 6.623859531192706E-7 3.113599578913533E-14 9.53355049586335E-5 5.909821175092931E-6 9.6566204030787E-16 5.1664787750631425E-17 1.15948079586966E-10 3.559342991658305E-15 8.985130658993697E-9 1.853670577642505E-5 3.694232053386562E-16 1.8613312627473513E-15 9.730673804776469E-17 2.417334178984557E-6 3.727722162777628E-12 6.870148152625992E-17 2.1228749021867976E-12 4.198452952815604E-9 5.196571508749238E-13 0.0 3.9205701188504235E-17 2.188647899947104E-16 9.043135493244241E-5 7.957593860146355E-16 2.770510022190949E-12 
0.8432292442638751 2.388709694883368E-13 9.181478068920534E-16 2.427180015108296E-12 1.1663389206107758E-9 1.4846196755375283E-8 2.7329795699945164E-7 3.7616552050065075E-8 7.616720592361086E-6 8.43141423725054E-12 1.4963544083657063E-10 1.1765745899149896E-10 2.1982002970513578E-13 5.549486002269617E-8 8.138172740422323E-5 8.03371909948567E-18 9.72658554665918E-5 6.4937385770287515E-6 3.539383939742551E-17 1.836763784597117E-14 2.5325008253253512E-11 7.494736619842442E-11 2.847631104083796E-8 3.064876064383843E-8 6.430936726661676E-14 3.9205701188504235E-17 6.017534913259696E-11 4.249939608119492E-17 1.221086996788292E-12 2.4165091362908296E-14 
0.6380490073654752 4.8972174116711244E-14 2.0772885859288842E-17 1.1465787685216942E-14 1.0582632741767118E-17 2.1371747333494213E-17 3.573212155419236E-19 2.538015851612619E-7 4.073105565782557E-17 2.399484495722281E-12 3.123802079905544E-14 3.9291512204815006E-14 9.48767571094514E-17 2.732033690945145E-10 0.0 4.279599307067791E-17 5.5021479907473306E-17 9.730673804776469E-17 0.0 0.0 6.870148152625992E-17 3.277293737174759E-17 2.1199676244301534E-14 1.4598405203734227E-16 0.0 4.772807342910377E-16 1.1097105266750408E-16 4.249939608119492E-17 3.4942558902039E-17 1.0276874980837891E-13 
0.03247636532478981 1.1902123922937873E-12 2.0772885859288842E-17 9.704205424576547E-16 1.0582632741767118E-17 5.000289431653396E-16 4.90353733921516E-12 4.1735756006718786E-17 4.073105565782557E-17 2.71602179062088E-12 5.1664787750631425E-17 9.003114887241901E-15 2.0020728901776784E-15 1.2581533580880938E-7 9.794641305863767E-14 2.5527532464310435E-11 5.5021479907473306E-17 9.730673804776469E-17 0.0 0.0 6.870148152625992E-17 1.0142114401581604E-11 4.80804787796265E-12 1.4598405203734227E-16 0.0 3.9205701188504235E-17 1.1097105266750408E-16 2.2963083723536225E-15 2.569871638270703E-16 2.7554664343998504E-12 
0.8272711303187205 1.4808410209924854E-12 1.7267135001424902E-11 3.076162371412786E-11 1.0582632741767118E-17 1.4720907774779167E-8 7.136482197214048E-12 7.506250317710708E-9 8.804331168905054E-9 8.43141423725054E-12 6.405875966576872E-9 4.675173227538234E-13 9.07627225995423E-15 1.0862873046709511E-9 8.163299512183326E-5 4.1334261834043863E-10 3.828086374843413E-9 9.730673804776469E-17 1.2320496645049572E-14 2.8805695408078543E-10 7.971152164326564E-13 7.889419373530768E-10 8.326618242340213E-7 3.041490343388001E-8 6.61919729080651E-14 3.9205701188504235E-17 2.3296002123662756E-16 4.249939608119492E-17 8.444191353497749E-12 1.6369280904157698E-17 
0.2299474287752623 3.0792602123975105E-13 2.0772885859288842E-17 4.4956759108181396E-8 1.4498981983781103E-14 4.932660745116251E-13 2.861729833152469E-12 1.703198205803823E-10 1.2073154609760817E-5 0.0 1.6268709021314708E-16 5.326630182742089E-5 2.2409458238144796E-7 1.9540277053704174E-11 3.5927937863255943E-9 1.6704893820471097E-11 1.2306438161700767E-10 4.016879171728807E-13 2.9722027140450016E-13 3.0258543939701065E-9 8.457186285102364E-9 1.5950455534507649E-9 4.7059037547184315E-11 4.889403740801172E-12 4.035833835522177E-11 2.0129638420410975E-15 4.543895896485971E-11 2.8080487240417445E-6 2.8013157831245975E-13 5.25920676804994E-13 
