0.0 1.0000000000000009 
1.0 1.776356839400252E-15 
1.0 1.776356839400252E-15 
0.0 1.0000000000000009 
0.8920123307279993 0.20431639829805504 
0.03143137339732696 0.9990120730137534 
0.28297501096277033 0.9199259437883927 
0.4911148985092647 0.7588151298467557 
0.41841205091674116 0.8264584667668984 
0.07481191938277007 0.9944037314409475 
0.4629630912800161 0.7856676774880781 
0.43811016377396433 0.8080595640935533 
0.9447735120625989 0.10740302962962658 
0.6552193736184166 0.5707654412863044 
0.1285233410670614 0.9852816919033742 
0.149930554236362 0.9775211828973374 
0.830836186787 0.30971189525488035 
0.5768316337490027 0.6672657680778878 
0.7200162309846891 0.48162560306959507 
0.8392078297376512 0.29573096750295075 
0.7964152806377892 0.3847016216477389 
0.908968748695326 0.17377583566006882 
0.1658054569710242 0.972509472457844 
0.7338016991302618 0.4617538008740923 
0.3088997043254905 0.9158658701505287 
0.23801430616331676 0.943349222913815 
0.4471214459270139 0.8000825583816054 
0.626226087433824 0.6078409166966847 
0.34551332676647967 0.8806205637056865 
0.8097866718990414 0.3442457628557913 
0.9576617170740461 0.08291799027734408 
0.642292246554083 0.5874606756619869 
0.8701568063570195 0.24282865889819724 
0.18526802298228198 0.9656757884075882 
0.0869184980005846 0.9924451897290453 
0.6958416074602677 0.5158702393768446 
0.6831686629251253 0.533284557906576 
0.9900020549182296 0.01989600885434599 
0.2590971117314026 0.9328687408902653 
0.9660704713743022 0.06670786467326613 
0.8501449428340055 0.2812369938016295 
0.9198820021851086 0.15383618186340048 
0.6647842334042104 0.5580619370562406 
0.8207277137449116 0.32640603976822163 
0.33187539945695843 0.8898587605046153 
0.9828954126184237 0.03391663441166617 
0.637149966794568 0.5940400696215571 
0.781753971298985 0.3888609098796536 
0.7140813645334476 0.490087951794442 
0.7390511196181173 0.4538037969435852 
0.5861039639210445 0.6569108442290055 
0.32305078713569835 0.8956381905250981 
0.5027424403251229 0.7472501645568441 
0.765698600713679 0.41384050041167453 
0.9744960785751533 0.057360451090593935 
0.7545187448635655 0.4359955821942111 
0.564963272057575 0.6848304909257725 
0.7614434367657045 0.4202040750692527 
0.7480921583249396 0.4403583076744365 
0.37258879157445357 0.8611777501992178 
0.5625520917259269 0.6864804851031848 
0.9776725008104471 0.04415724795932551 
0.5404069554463118 0.7079608373291074 
0.5151140736296468 0.7375846720692563 
0.40417671270602246 0.8366471256056305 
0.5327421981265863 0.7162082564866811 
0.9390001752280378 0.11827873970339758 
0.9006865348514955 0.18876378982884964 
0.6182746033133291 0.6177365483709407 
0.8001551715046299 0.3597518968803464 
0.24301261590114004 0.940944883208352 
0.010727649334146522 0.9998849480465972 
0.9957878956149204 0.008407272916999515 
0.21162706502200862 0.9552147876738478 
0.6713311539656989 0.5493144947088827 
0.5276366400598431 0.7262856213330793 
0.8168486742056484 0.3327748055532408 
0.4003934510324544 0.8396851154692181 
0.3858822211802717 0.8510992292801506 
0.46070843464986067 0.7877526734434003 
0.9294234015017739 0.1361741025534952 
0.9222954269333952 0.14937120219876895 
0.10862857789779304 0.9881998620752444 
0.8701568063570195 0.24282865889819724 
0.705234762467267 0.5026446236471643 
0.8622107183312339 0.2571448495199537 
0.5945936785107403 0.6464583923636394 
0.38823576840855134 0.849293637510008 
0.356827717430252 0.8726746823100108 
0.19534771507075502 0.9618394326386921 
0.8014481853183741 0.3593760085920035 
0.853243630666675 0.27197532741229524 
0.9592247462370164 0.07992344224012528 
0.25810342934443153 0.9333827599642768 
0.6055190237237936 0.6346535871914992 
0.5183907293885681 0.7312715912787602 
0.8577717477534421 0.2642276392610588 
0.9030889218926117 0.1845478848390865 
0.49645643896221764 0.7536013105491242 
0.2039140113558034 0.9584192422429345 
